2ae

portiunculas 1111111 18111

1111111081.

poscebat 85,11. -1111 8811.

possessionis 75,1. -11 84,11.

possederit 58,1.

1111111811. 10,11. 11,11.80,1.
88,1. 41,11. 114, 11. 181,1.11.
14811. -sumus 15,11. 87, 1.
-sunt 5, 4. 581. 7811. 187,11.
-111 48, s. 114,1. -111 17,11.
81,1. 48,11. 85,1. 85, 1. 117,
11. 185,1. 188,11. 188,11
-sint 85,11. 80,11. 48,11. 44,
11. 4811. 1881. 141,1. -11
40,1. 84,11. 88,11.187,1.158,
11. -1111 8,11. 88, 11. 50,11.
51, 1. 58,1. 84,11. 78,11. 80,1.
88,11. 8811. 100, 1. 115, e.
180, 11. 188, 1. 148, 1. 158, 1.
188,11. 188, 1. -111111 18,11.
1811. -111 8,11. 10,11. 14,
11. 11. 8811. 88, 1. 5811. 71,
11. 78, 1. 80,11. 87,11. 1081.
110,11.118,11. 180,11. 1881.
18811. 180,11. 18111. 140,1.
15811. 1581. -1111 47,1.
117,11. 184,11.140,1. 147,11.
18811. -111 18,11. 81,11.
8811. 181, 11. 144,11. 184,11.
-uimus 185,11. -uerit 1,11.
17, 11. 88, 11. 8811. 11. 8811.
41,11. 87,11. 75,1. 78,11. 81,

INDEX VERBORUM.

117,11. 1881. 188, 4 145, 11.
15811. 158,1. 188, 1. s.
post 1111. 8811. 81,1. deindo
77,11. non its multo 11811.
1111.

postes 10,1.1. 87,1. 81111.
881 50,11. 58,1. 81,11. 71,
11. 78,1. 84,11. 101,11. 108,
14. 108,14. 110,11. 11111.
180,11. 181,11.11. 188, 11.
111, 1. 111, 11. 111, 11.
posteritatem: exemplum pro
11111111 85,1.

posterum: 111151. 11111511.
postquam 4,11. 11. 8811.
1111111111 constituere in 84,11.
postulabat 55,11. 15811. -sret
70,1.188,11.188,1 -srent
88,11. 1111811. -1111 10,
11. 88, 1. -111111 (11111111 181,
11. -111111111118,11. -1111

sunt intormerts 28, 11. -etus 1

1111 reus 114,11.
111111...51,11.

potentes 88,11. ·issimus 180,
11. 1111111811. -issimum
48,1. -11111111 18811.
potentatu 115,11.

11111111 8811. 8811. 87,11.

-11 vis 87,11. sublimitas .

181,1. -111188,11. 87,1. 188,11.
11111111 summo iudiesndi 881.

11. 140,1. 18811. -uerint -tstis regiae spiritus 10,11.
44,1. 18811. -11111 18,1. officium 87, 14. -tstem sd-
8811. 881. 4811. 47,11. 58, ipisci 8811. facere 85,11.
11. 881. 188111. 14811. permittere 11 et 78, 1. -tsts
141,11. 144,11. 148,1. 1. 180, fungi 11114111. deposits ἰ

11. -11111 180, 1 -uisset 51,11. 88,11. 110,11. fungi

88,1. 78,11. 181,11.184,11. 18811. -11111 regias 81,11.
1111(11111.)111111,11118,11. potius 8,1. 4811. 80,11. 80,
15,11. 80,11. 1111181,1 et 11. 105,11. 18811. 14111.
8811. 81,11. haec 8811. 145,1. 15111. -issimum 8,
85, 1. 11111811. 41,1. 44,1. 11. 8,11. 81,11. 84,1. 5811.
55,11. 81,1. 11111 8811. 88,
11. 7811. 84,11. 87,11. 8111

180,1. 18811. 185,11.188,1.
haee 108,11. 108,1.1. 114,11.

111, 1.

 

881. 881. 77,11. 118,11. ’

