INDEX VERBORUM.

1111010110 8,12 01 11. 24. vindi-
00το 11. 111113. 14, 22. 13,
110. 111. 1111. 1111. 111.
vindicare 30, 1. 3111. 30, 2.
vindicare 4111. conscius 42,
2. 2. 10. 33,11. vindicare 18.
3111. 3111. 71“, 11. 74, 1. 11.
7111. 7111. 81, 21. 22. videri
22. 88,11. 22. 8111. 311. 93,
10. 9111. mule conscius 102,
12. 124‚12. 10111. 102,14.
112, 22. 114,12. 113,10. male
0011101111 11111. 1111111111.
11111. 11111. conciliare 11.
14. 13111. vindicare 131, 1.
1313. 1110110110141,11. 1111-
010110 141110. 14111. 148,4.
1411. 21. vindicare 130, 24.
deposcere 131, 8. 13111.
13111.
1000111110 ab 001111 civium
2, 21.
1001010 domusz 111111 131, 11.
-1101130111110111110,1. -
sectae 8201022 3111. bonae
107,11.
sectatores Pythagorae 116,13.
10010101 111.
100011017111. -ο 611. 9111.
1000111111 prosperius 137, 21.
seeundum 9, 2. 1111. 31114.
4111 46, 8. 61, 2. 7111. 77,
11. 10111. 10111. 11111.
122, 22. 11111. 1111. 11111.
136, 21. 14111. 14110. 146, 10.
110, 1. 151,12. 111, 2.
1101111111001 vitae habere 133,
14. -10 311.
securo iudicio 3111.
sed 11. 11. (111.) 11111.
111. 6,·11. 11. 8,·10. 12,12. 24.
11111. non tentum 111. 13,
1110. 14, 2. 111. 11. 1111.
18,1. 1111. enim 10, 2. 22. 22,
11. 13, 24. *11 1. 11. 17, 11. 10,
10. 18, 1. 22,1.14. 31111111.

248

3114. 22. 36, 1. enim 22, 24.
311. enim 40, 1. 11. 41,14. 42,
22. 44, 11. 411. 14. 4113. 43,
uQuQmffiuwu
12. 12. 311. 60,10. 61, 4. 12.
enim 31111. 63, 2. 6110.
11111ῷᾙ>ω1
111111111
80, 2. enim 811111. 87, 10.
811. 811111. 90, 22. 22, 21.
3111. 0110. 911111. 1011.
non 1111110111 sed etiem 101,
111. enim 10111. 10113.
107,1. 1. 11111. enim 120,12.
13. 121, 22. 122,11. 122,11.
1111110. 011111111110. 122,
21. 1111. 131, 1. 13111. 137,
11. 141, 11. 11. 14111. 148, 2. 2.
11. 1311. 13111. 11. 133, 10.
13111. 1311. 16111. 13111.
1111011011 eet.
seditio movetur 131, 21. -1111
101101011111. 10111. -nem
6111101011011311111
13111. -nibus flagrantibus
31,11.
seditiosae 10110301 8111. mul-
titudinis 11110. (11111011101111
143, e. -orum impetus 7111.
manus 133,1ο. -01 13110.
-0 3111. 31,11. 13110. -issi-
mum tempus 112, 22.
sedulitate officiorum 67,10.
segnius 13110,
seiungi 111. -110111111 163, 22.
semel 30, 22. 1111011011111311.
ι136,11.
semina quaestionum 7118.
1011101 ipsum 111101 3111.
ipso 11110 et 14111. ipsum
14111.
semper 4111. 3111. 37, 0.
1111. 143, 2. 146,11.
senatoris 01, 2. -i 138, 22.
-em 11,14. -1113,10, -es
11. 18,12. 3114. 10110. -um

 

