204 INDEX VERBORUM.

imitantur spiritum laudis 18,

19. -entur exemplum 55,11.
-ari 14, 19. exempla 74,1.

sponsione 144, 44. 9141911591

- inpleo.
imploret 34, s. -abat 102,19.

-andos 11211. -1111191114, improbae 70,14 -935,11.11’3.

14. -atus 36,19.
immineat relegatio 81,11. -ens

ctiam inprobus.

...ιν 81,11. 153,19.

testimonium 50, 44. -entem in c. acc. 4, 11. 7,.9.15. 9,11.

sibi invidiam 1419. -entibus
Romanis 112, s.

immo 21,15. etiam 13119.
1341199.

immoderatam licentiam 135,1.
cici. etiam inmoderatos.
impedientibus 121,11. -111103,
14. 15111.

impenetrabilius iacere 11,4.
impensissime deprecari 10, 44.
imperatoris 68, 5. -9 41,41.
40,19. -9131,19.

imperato 129,1.

imperii 42, 41. -ο118,19.
imperante 76, 5. -abat 4419.
-1191 13,19. -asse 44, 9.
-averat 44,1,

impetravit 10, 14. -averit 148,
14. -asset 11³⁴‚1⁰· 144, 44. -111-
dum10,14. -dam 1441. -ato
117,11. videtisne inpetro.
impetus accusationis 4,14 po-
pulares 32, 91. 36,11. 83,1.
102,19. 111111111149,11. -tum
barbariae 33,19. 73,11. -tu
indignationis 18, 9. seditionis
2015. iniuriae 135, a.
implet exsecutionem 5119.
exhortationem 107,11. -911
argumentationis 83,1. -919
defensionem 18,1. -eturus
39, 9. -evit 88,1. ἐνθύμημο3

10, 1,19. 11, 11. 14. 44. 41. 12,1.
4. 4. 44. 13,11. 14,14. 15,1.
18,19. 13,1. 4. 19. 19,11 21,
111. 22, 4. 231111. 2411.
27, 14. 28, 4. 19111. 11. 4114.
29,11. 3414. 33,15.19. 95,
15. 11. 14. 37,15. 39, 11. 40,9
41,14. 41. 4211. 4411. 49,1.
rs. 50, 9. 11. 11. 52,1. 53, 11. 1.
56, 14. 57, 19. 58, 9. 14. 14. 4441.
59, e. 31,1.9.1. 14. 11. 82,11.
37,15. 69, 4. 75, 4. 711119.
78, 11. 79, 41. 80, 1. 81, 911.
82, 11. 85,19 86, 1. 9. 87,14.
881411. 99,1. 92, 19. 11. 99,
1. 4. 14. 44. 94, 9. 95, 1. 11. 4414
98, 1. 9. 99, 14. 101, 19. 4141.
104, a. 11. 105,11. 107,11.
198,11. 15. 10915. 110,11.14.
11. 19. 111, 414. 112, 1. 1.
113,11.116,9. 11811119.
120, 4..9 121,.9 123,1.19.
124,19. 125,11. 136,9. 131,
11111321 133, 41. 186, 44.
138, 9 19. 41. 137, 91. 139, 19.
140, 9. 19. 141,14. 1119. 141,

.41. 14411. 144,19. 145, 5. 11.

148,1.19.147,15.148,11149,
1.19.151,. 152,.1914..1511.
154,1.11.166,14 144,11.11.
158,1..11 159,1...91919.18,9
11.182,19.11.163,11.

13444. -etur 14,1. argu— 1111.911.1,43,9.4,11.1111

mentatio 164,9.9-1111111
indices adfectibus 55, 19.
-911 accusatio 106, 5 e-bi-
tur compensatio 143,1.
-endae pollicitationis 71, 11.
defensioni 147,15. -91119-

41. 44. 5, 9. 14 11. 41. 11. 4, 4. 4
19. 8,1·1.14. 9,14. 11111151
19. 11. 11. 14. 12,1. 1441. 13,14

,141, 15,1.11.19. 111. 111.

18191111. 19141111. 14.
41. 11. 44. 41. 21, 4. 22, 414.

 

