INDEX VERBORUM. 181

15. -pti 40, 15, 150, 1. -15511 51111155511.1,15.2,14.15.3,15.
1111. -ptos 52,1ο. -ptas 4,1. 5,,1. 6,11. 7,15. 8,15.
137, 1. 19, 4. 15, 2. 14. 51. 19,1. 20,11.
cos. 82,11. 125,15. 159,1. 21,15. 24,11. 15. 11. 15. 27, 5.

creberrimam 20,17. -is 21,14. 1212 78,15 29,12 30, 15
4Q1 Mmofflewffiffifflwm

creditores 23, 8. -ibus 87,5. 778, ³³· ³³· 45, 4. 45,11. ³³· 45,
mmmmwfflmmm. 555515Μ151
-didisse 27,11.51. 6115. -di 17· ²³ 55,·5 55, 55 57, 55· 55,
9,1. -deretur 17, 7. pecunie 11. b9,2.12.14. 60,10. 57,1·
49,11. -dendum 8775 38, 18. 73577· 7757 77177· ssss,1.9.12.
-115111111111511539,5. -dendum 75,11- 77, 5· 5· 15· 77, ³· 73, 7·
481. -ἀ155111155511111511149,8. 75, ³· 75, 5· 77, 1. 1³· ³³2³· 14.

crearetur 69,1. 5511118511. 77· ⁷92 77· (77, 15> 81, 51· 85,
155 21⁸ 2. 84,15.11. 8511. 8815. 91,

,1θῷ 46,1.1. 142, 14. 12. 92,5. 11. 94,1. 95,15. 11. 11.

crimen 40 44. 23 24384.0011- 96,5. 11. 160,11. 101, 20. 105,
51511. 166,1. 10815. 110,

1115111651 4715 (1111515515) 1411. 1111111, 112 21.
28.15551(11151510515.1115511-1111,,0,11,’111,11, 11511,

55151521-111119,11.15,15.11111, 11'1,22. ,1, 120,10.21.
P⁰0¹¹³m 777577 77 77 77 77· 1811117. 1221115. 129,1.

ἢῆΜ5Μ5-7Μιωωωωωψη
557ΜΆ5Μᾙ515Μ551151

145511· ·1115 5571711777 9,· 77· 184,1,1ο.186,5. 13111. quippe ,
5115151115 17,5. (1511511118, 1392. 141, 11, 111, 22. 115,
22Qfffflffifflfflffl muwrmffmmff
damnen34420. 5551111111225. 111, 11, 156, (1,)1, 1, 158,14.
126,11. -1115 submmstrere 152,2.

5111115115. -inum 8111. 1111111111), 141. 15,2. 16,1.1.
86, 21. 15511. 155,1ο. -11115111 18,1.5. 20, 1Ι 11, 25, ,1, 23,12.

QQQQQQ wwmwemmffiuffi
cnmrnatroms v1n1 edere 47, 8. 35 22. 42 11, 11 10 43 4.

emffimestuwssw‚d.w‚2.ffi,noe‚m.

³³·fflssffl· 5555.ῷμψ5,5
mmmmmmmm.-a aewzwnffimffinm
58 4'21’Qmwm’wm.
criminatur 94, 2. -emur 41, 14. 109, 7. 110, 1. 5. 117,1. 120,16.
-abatur 41,4. -eretur 167,1. 121, 12. 21. 126, 5.’ 191, 11.
151,11. -arentur 48,15. -an- 138, 4. 164,15. 185, 5511. 141,
dum 46,1. -51111 515 2815. 24. 17. 142, 2. 15. 145,12. 147,
crudeli124i257,1s. -15111 57,15. 12. 22. 149, 5. 11. 24. 150, 15.
cruentissimum 96, 51. 1-15 78,18. 153,1. 154, 2⁰. 15515. 15515.
cuiusmodi 131, 21. 157, 2. 158,1.1ο. 161,5. 162,
5511551 iustitiae 7511. 115.

cultu egregio 16115. [551111]5,11. 20, 5. 111,12.

 

