214 INDEX VERBORUM.

199913919. 146, 22. 149, 90. 119919 (919.) -991190 9990.

ferre 15919. 22. ferre 1591. -99190 95, 21. 9919. 10911.
-ge 990. 199. 9990. 3999. 13994. 15910. -901999 091.
4991. 0994. 990. 10919. 1391990.

11999. 199, 22. 193, 90. 195, 90. 11990 69, 22.

196, 2. 193, 5. 13919. 137, 9. ligneo 10919.

1591094. -ges 19119 8919. limitem 191.

95, 22. 24. ferre 990 et 10919. linguam 10919.

119,11. 1991019910. ·gun1 liniamenta turpitudinis 999.
0914. 96,14. 106, 9. prae- voltus 5919. habitus 94, 10.
scripta 1599. scribtor 16910. -19 inpudicitiae 8919. cor-
-gibus 10, 9. 1919. 4991, 001011115914.

55, 22. 10, 0. 91. promulgandis lites aestimantur 9915 90 10.
10910. 1191. 199, 0. 124,1. litigatoribus 1991.

159, 9011. litterae tradere 99, 0. 16911.
. ..11910111 15999. -910111 indicia 35, 9. ignoren-
00911091491. 019111499915919. -19 43, 11.
1109110109 6914. secretioribus 110, 9. liberali-
11119161,99. 1691. lib. (= libro) bus 160, 22. -99 54, 2.
143,12. -ro 3919. 9999, 142, *lium 155, 90.

99. -11990,10.11919. livoris vestigia ’19,9. 1999.
libera ab incursibus (virtus) locandas 1119101199 0910.
95,12. -um spiritum 64, 0. locupletatum 121, 9.

-99 civitatis 11, 90. 91010901 10909 87, 4. -1 nomen118,11.
97,12. -am potestatem 0910. -o 16,1. 9991. 9915. pigneris
-9 99. 98, 8. 13919. -109 5919. filiarum 599. 6915.
91, 9. 1991. 13919. 99. -1019 seeundo 69, 9. novissimo 114,
iudicio 9990. 91. primo 140, 99, 150, 4. 900
liberali 19919699. -99100,90. 15914. -um 91. 099. 1199.
-ibus 11009119 160, 99. -010111 899. -19 9919104,
110919110909141,14. 90. 114, 9. 19999. 195, 90.
11119109 19, 22. 1090010111 1199.

11119190 auctoritatem 11,4. eau- longas: 119099 10910. -9 61, 22.

9111114914. -9010199, -averunt 21, 14. minus 151, 19.

9910. -999900 9911. -919001 loquacitas 89 94. -019 studio
53, 90. -9110109 sit 83, 22. -an- 6, 22.
dum 6990. -9009 910 690. loquacissimo 60, 2.

-9009 9990. 9001119990. 19901001999499599611.
-atos 9910. 79 2. 08, 21. 84, 12. 22. 89, 94.
1150109019139 22. -tat2135,12. 99. 95, 12. 9. ooo. 9. i. 98, 22. -9001
libertinorum suffragio 15919. 999. -1 9919. 19911. 15911.
11091009 10999. -19 63, 9. 159, 22. -9119 15990. -ente
1101110119 99101009 999. -111110111 599. -91900115999, -uturus
cupiditates 9999. 100, 4. 115, 22. -000109 estod
1199901901 10,2. 19911. auda· Ι0190011911 11, 9. 56, 2. -911111
· 0¹²0 135, 8· proprie 8999. -000990111199,

 

