168

86,11. 87,15,11. 89, 11. 91, 1.
99. 99,11.10. 90,1. 10111. 9910.
19. 100,1.10. 101, 0. 1011. 109,
10. 109,11.19. 104,11.15. 109,
19. 107,1. 11. 108,15.109,11111.
110, 5, 111,1010. 119, 9.1.19.
11. 115,1.11.19. 110, 10. 94.
118, 19. 19. 11. 119, 9. 10. 190, 5.
10191,...01110198151901.
1971.198,11.10. 199, 15. 19.
10.18010199,..111 <188,.15>
134,1.11.10.11. 185,11.190,1.
11. 198, 11. 199, 0. 9. 141, 99.
99. 99. 142,19. 19. 91. 99. 148,1.
011. 145, 99. 148,1. 110. 11.
149,10. 99. 150,11. 151,11.
15911. 154,10 155,11.10 11.
157, 11. 159, 5. 1ο. 100,1. 11.
109,10.<11.> 109,1.
adclamationes 100,11. “
addiceret 118, 99. ·xerint 19,
10. -110101 110, 1. -ci 38, 11.
additamentum 75, 9. 98,4.
0111111 1,1. 55,10. 09,11. -11-
1111164,14.
01010011. 95,11.
adfectatio gratiosa 48,4.
adfectata calliditate 85, 9.
adfectent 33,.0 -antibut 119.
adfectus commovere 81,11.
colorare 128,11. promere
¹ 190, 9. -um commovere 112,
10.-0145,11.-111111111101011-
dorum 1499. -ibus 5015.
adfecisset 111,10. -cta 19.9,0
adfert pericultim 199, 91. 01
tul1tment1onem 199,19. -111111
43,14. adlato 81,1.
adfingendo 134, to.
0111111305.
adfinitatis 91, 10. -10111 191, 19.
-te 121,1.
adflictos 31, 00.
0111110101 opibus 13,10.
adgnoscere 135, 91. -et 92,.9
videtisne agnosco.

INDEX VERBORUM.

adgredior 7,11. -oitur 149, 91.
-diar 0. Ias. 191, 90. -diatur
0101891011ηάοο 800.
-ς1000110 0010101. 16,11. 116,
11. -011001178,10. -01011111
clas. 199, 91. -sus c. 101
99, 9.

adgregata 74,1.

adhibet 09, 9. 149, 4. -bere
89, 11. 145, 1. -5011 59, 0.
-1111100010,90.99,91. -buis-
set 79, 0. -110111153,10.

adhuc 20,11. 91,10. 46, 4. 04, 9.
08, 9. 114, 99. 188, 5.

adiacentes 199, 0.

adicit 4,11. 51,11. 90, 0. 197, s.
104,11. -110101 09,11. -11111 Ι
QQOfflanm

104, 9. ·oerit 150,11. —cisset
148, 1. -1011034,10. -iecta
74,11.

ademerit 0010.

adipiscendos 149,11. -eptns
9911. 58, 4. 119, 4. 181,15.

adiudicavit 149, 99. -cetur
99, 9.

adiumenti 142, 90. -o 1401.
145,11.

adiutore 33,1.

adiuvare 198, 99. -tums 50,

-1010111 98,15. -11000

190,11. -verat 194, 0. -vari
94,11. -1010111119910, -101110
7311 tus est 2099 -1010
151, 99.

01103011001111130, 1. -,0109
91. 0111011010 0111301ἰο

administrationem provinciae
38,2.

administrarent provincias 99,
19. -andi consulatus 8119.

admirabiliter 10011.

admiranda 8, 9.

admittere 9015. -serit 9, a
-ssum sit 69,11.

admoneret2,91. -nendum181,9.

 

