414

itineris 104, 49. -re 491911.
iterat propositionem 194, 49.
-emus rursus 83,21. -919
94, 9.
iterum: semol atque 52, 9.
19119911 118, 9. -bente 32,19.
-bebsnt 106,19. -119191113,
11. -9111 10, 4. 99, 9. 64,11.
66,19. -991999133,19. «119199-
191 88,14. -esns 991 94,14.
-99119 64,1.
iucundissimae doctrinae 199,
14. -e 54, 9.
1911914,19.53,19. 128,19. -111-
cem 116,19. -dices 5,9 18,19.
19,11. 20, 49. 44, 49. 49, 4. 29,
1919 48,9. 5519 61,19. 7119.
82, 9 9111119199 125,19 126,1.
9111119199 19 91 136,14.11. 197,
14. 44 138,1.149,.9 150,11.
155, 91. 1949. -1119111117, 19.
15, 9 19, 9. 22,11. 28, 9. 29,
1914. 33, 11. 49. 39, 44. 49, 9.
44, 1. 112,19. 120, 49. 49. 137,
19. -dieibus 191919 21, 9.
211911. 29,11. 39,19. 75,11.
123, 9. 137, 99. 145, 9. 153, 9
iudiciales res 103,15.
iudiciario lex 3419. -99 legis
294. -sm legem 39,44.
iudicium 9,14. 20,19 100, 4.
132, 9. -911 27,14.11. 1919“
45,19. publici 102, 9. 125, 44.
138, 9. integri? 141, 9. -919
3,11. 12,19. 26,11. populi 56,
19. pressiore 59,19. 61,11. 62,
49. 33, 9. liberiore 94, 19. po-
puli 119, 4. 120, 99. 122, 9.
gravissimo 149, 49. 131, 11.

160, 9. -oie publicae volun-

tatis 109, 4. -oiorum 6, 9
-9119 9, 41. 29,1. 114,15.
145, 4.

indicet 53,19 -919 31, 9.
9919 140, 44. -ente 9919.
-erot 98, 49. -erent 1919.

INDEX 4419130141111.

28, 9. 34, 14. 113,19 1919.
-919199 11191999944. -4ven't
99, 49. -erit 30,19. -9999 31,
14. 51,14. 59, 44. 95, 9. 140, 9.
158,19. -919110,91. -919111
11, 9. -andi 49, 9. 91, 9.
-endo 9914. 164, 9. -919 94.
14. ·9tnm 591911. 12919.
-ati 48, 99.

iugulatus 58, 1.

iugum 64, 4.

iumenta 49, 44. -ornm proo
bitionem 75,11. -is 49, 49.

iurgiose certatio 60, 44. -4n

decertationem 19, 99.

iurgio 151,14.

iurare 41,14. 96,1. 13911.
14919. -9191 95, 49. -919111
119, 49.

1119 civitatis 159, 9. -ris 191111
90,9 53,1. 68,1. validi 9911.
-19 praediorum 94, 9. legitimo
9. 53919 optimo 64,19. 72,1.
87,19 94, 7. 123, 7. privato 11.

iusiurandum 139,11.

iussu 49, 49. 91,.4 1

19919 81,14. -9,.831183,11
-ius 12,9.-191111’99 19,111
-19911119111 141,9.-1991119
gretiam 67,.9 119-9111191291
11 152,19

94¹ iustitie 42,4. -99 99119179,

11.111,.1 9-111,421.

19911119 134, 9.
iuventutis ingenie 11911.
19119181. 75,1. 1011914311.

1911ὂ9719919999 9111119199 191 p.
‚ 4.

lnbe vitiorum 104,19.
laborem 1911. -19 14,11. 199.

19091991199911111 15,19. -11191
119 59, 4. pro 99, 9. 149. 19.
-919111 119 9111. -9999 29,11.
pro Milone 88, 9. 91119111-

 

