2&

referre 144,1. -17,14. 1411144
51, 44. 1411314 57, 44. 51, 4.
4441411144 155, 14 135, 4. -ο
4151811. 11,44. 1114411114 55,
ro. dicere pro 55, 44. 38, 44.
4111 eb 45, 14. 111414 47, 44.
persequi 104,11. lacesserem,
41. 4151 159,11. -4 8, 44. 45,
41. 149, re. ·1411,44. dicendis
59,9.

144114 7, 44. 4441411144 8,11.44.
4445411544 9, t. 55, 44. 44454-
11144 48,44. -145,4. -em 444-
utitu0108,1e. 152,1e. -e 50,
4415514. -44 40, 44. 45, o.
15511. -ium religio 41,14.
48, e. 50,14. 149, 14. 155, 4.
-ibue 38,14. 39, e. 43, 4.
14454541 35,1. 73,11. 140,11.
’ -4141 15, 4. -4544 445 130,14.
mm

textum 30,1e.

theatro 41,14.
51311141444141141454,4. -454,4.
timere 10⁶,e -41445 54, 15. 85,1.
-411 157, 4. 41. -441144 105, 4.
timiditatis verecundae 130,1.
timide 18,e.

’111445 35, 1.

51141444441411114 eminebat 73,1.
-oz ferri sub 102,11. -um
meme

1434 pullu 151, 41. -44 117,14.
-41411111441 sumere 113,4.
141414511144 11914.
tolerantibus moleste 43, 4.
tormento: postuleri iu 58, 41.
-14 15, 43.

torquet eoutieeimum ((4114·
γιεμόν3) 7,1.

torquem 15,3.

145 157,4.155,11.
14544184415914-,441114
1413,144144,144150,11 50,
11. 74, 44. 133, 14. 135,14. 138,
14.14144,14.1-443,14.38,

INDEX VEBBOBUH.

1444413814. -44181,11.

ο54,44.
51311574κ93ιι>954

111541 4154114414 tribunus.

truetetidne 55,4.

11445454 191,44.

11445414 15,11. -4141444115,11.
-4414190,45.

trudunt 99,1. -1111141441 me·
moriae 150,19. -tur 197, 4.
memmummm
153 41 duntur 794 -deutur
91,13.

5141144544 441 subiugum 54, e

5143141141444150,44. 4414114111
me. emmm1mm
febulerum 10411.

5143441114 praetermisso 1,4. 5,1.
100, ee. 101,11.

51411159,44. 55,11. -ebet 34444
5514.

tranquillitas 5,14. -54514154,11.

11411444.

51444444511 ed 134,1.

1144415 135,14. 154,4. -1541414
411 seruilium plebeium 51,18.
iu 1414111441 plebeium 53,44.
-14445 3511.

’ treuegreditur 77,11.

41441111444. 11115314. -4111
1114114444. perone 74, 4.
τραπεζίτας 48, 41.
treeeuourrieee uude 35, 4.
1144444 55, 44. -11 53, 44.

5144 5511. 98,14. 11544. tribue 1

39, 45. 53, 14.
5115411158,44.4413714-11)44
41²4 112 .. ·
5115444144 73, 41. -414 pl. 53,
er. 84, 4. 19514. 154, 14. -4

71, ee 153, 44. 115, 44. 115, 44. ¹

1511,44.155,44.154,4.135,14.
194, 44 145, 44.

tribunicius 50, 44. -4 potestte
51,14.414143451444141131 j

 

