253 11111 1111511111.

11.153,11.154,15 18411. 1111111089. 110,11. -111515111
-11511111, 3. -dentur 8,’15. 81,15. -5151 5515 40,15.
111, 1. 141,11.-(1511113,.1-111194,11.-5115103,1’..5
1,1. 22,1. ’25, 13. 30, 21. 40’,5. vinculis: necari in 41, 22. 01¹5.
44,15. 50,11. ’54,11. 88,22. 89511111 111511.

1. 19. 101, 1. 114,14. 118,11. 111510553101311003500303.
121,15. 124,1, 12115. 130,11. -115 sibi 8,10. 33,1. sibi 48,
11111. 140,1.15. -115111111 23. -111115111153,19. -avit
35, 2. -deantur 35, 1. 60,11. sibi 145,3 et 150,15, -11511111
115, 9. 121, 9. 154,11. -deri sibi 5313. -aretur de 23, 30.
5, 4. 1,11. 9, 20. 10, 25. 11, 23. -ando sibi 131,1. -1111 16,11.
11,14. 21, 3. 33, 23. 45, 11. 20. violentia asperitatis 2532. -33
53,3. 56,13. 64,15. 61,1. 68, 2,11. 111,14. -3m 118,15.
10. 11, 5. 15,11. 80,9.15. 81,11. 158, 3.

81,15. 100,1. 112,14. 114,3.12. violasse 2,11.

132, 3. 1555111 4, 5. 95, 21. 1111115. 91, 12. 15, s. 118,12.
30,10. 39,11. 52,1. 10,11.15. 5511111111130,4.15.11.141,5.
13,5.15. 18, 15. 81,11. 82,5. consularis 144,13. -i 24,14.
84,3. 89,25. 104,2. 115,1. 119, 3415. 61, 5. 8915. 92,19.

14.120,5.11.132,19.145,1ο.
1461114111 14811 15215.

1511115111 15'3, 10. de-

bantus 984. 84,1. 9615 113,
11. 145, 14. -11511111 3, 12. 21,
11. 41, 11. 84, 9. 85, 21. 81119.
94,15. 1055. 10115. 122,1.
124, 24. 12915. 131, 19. 133, 3.
14015 14414 145 ’11 146 25.
(15151111’41,1. 121,

151,11.

15. ’1,52 15.-(1515111111.

116,1. 131,11. 144,11. -511,1.
95,19. 98, 22. -um 22,15. 133,
28.155,5. 158,10.11. -orum
108,4. 131,11. -15 90,5. 25,11.
31,91.53,5.111,1. (XX) 139,
14.158,13.
120,.

2’8, 15. -13m togam 113 3.
Vli5019’1,12.

viritim 43, 9.

ἫωἋηῶη 3

vir ’15115511151201 91,11. 15. ἰ

(151)111515.81,11.-515’551 111111151. 3311 11,1 101, ²

115. 20,.4 84, 23. -sum est

19, 30. 52, 5. 8011.

vigilanter 3,11. 18, 20. 31,19.
38,10. 59, 5. 61,11. 131,11.

131,11-1155111151615 1411
104,15.122,15.121,15.
ΧΧ1111κ13914> 2111
vigoris pristini exenipla 14, 3.

-3111 animi 1081 constantiae
153,3. 5-11111111 32,5. duritiae

133,9.55111511115149,15.
vilicum 28, 20.

vincenter 16, 24. 80, 21.
11115111 (1151111 118, 10. vid.
enam 1111111.

11. -1111111,1. ingenium 30-

brine 26,1. 84,11. insignia .
85, 1. 81,15. 90,15. 92,1. 13. 1

108,1. praestantia 142,11. spe-
5111511 149, 13. -1115111 2,11.
4 4. 33, 4. 11, 1. 95,14. 1251.
11-1516,1. 38,4. 81,1. 101,

14. 111, 11. 183,23. 14115. ’

{giges 132,1ο. -tutibus 12,11.
11.

vis 19,11.11,4.5111511590,11.

131,11111115 criminationis .

5115154111. 151151511115 501
52,.5 58,.1561,1.4 691511.
11,1..118,.189,.11’,1111

 

