202

117,11. repellere ab 138, 24.
communicato sepulchri 163,
11. -ores adipiscendos 143,11.
1121111 ³1²1? 31·
1 · 1 · 1 ·

133, 4.

hora 7111. 80,11. -111176,1.

horrori 33, 16.

hospitium 150,1.

hostia 133, 1.

hostile ingenium 3, 4. -1 iu·
11111111 133,1.

hostis 16, 1. -em publicum de-
notare 166,4. -116,1. 34,11.

’ -11 13, 14. 16,11. 86,11. -ium
16,11. -ibus 13,11. 16, 1. 1.
16, 1. 36,11. 86,11.

huc accedebat 3111. 33,11.
accedit 143, 21.

huiusmodi 4,11. 16,11. 19, e.
37,11. 30,1, 33, 1. 34,1, 43, 1.
64,1. 10,11. 11, a. 76,11. 83,
11. 88,1.11. 106,11. 137,1.
136,11. 140,1. 14111. 16311.
111, 1.

humanitatis spectatae 137,11.
eventus 160,11. -1111 13,11.
31,11.

humanitus iudicatum 61116.
humanarum rerum 31,11. -uis
probationibus 3, 4

humili satisfactione 163,1.
-lem 11 1111111301. -11111
18,1. -111111111111111113,11.
humilitas ρο11ο111111.43,11.
generis 13111. -1111111111-
cinio 48, 4. obsequia plenissi-
1111163,14.-111111 natalium
13,14.ρ11111111117,11.-1111
personae 116,10.

humilitate genus 13,11.

iactantius (1111111141,11. -11-
simo:haberip10154,24

121444311421 114,11. superbiore
1

INDEX vultuosum.

iactitasse 83,11. -1111111
116,11.

1111111111111111 166,1. -tetur
ingenium 111ο1133,1. -111
11113611.

iactura fit 8,1. -am fecere 46,11.

iam Ρ111, 3,1. 10,1.11. 14,11.
16, 1. 13,11. 36,11. 311133,
11. 36,11. 43,11. 411111.
48,1. 43,11. 63, 2. 64,11. 17,
11. 61, 21. 63, 11. 66,1. 73, 1.
83,11. 84,1. 86,11. 38,11. 61,
11. 31,11. 33, 1. 34,1. 14 33,
11. 33, 4. 116,11. 137,1. 133,
21. 131,11. 136,11 13111.
148, 21. 143,1. 163, e. 161, 11.
163,11. 11. 166,11. 167,11. 161,
11. 160,1. 11

ibi10,11. 12, 21. 36, 4. 6111
33, 1. 100, 14 110, 11. 113,1.
116,11.

111111111111. 38, 1. 40,11. 73,
e. 73,11.80,1. 100,14.104,11.
130, 4
idcirco 10, 22. 21. 33,11. 37,11.
63, 1. 131, 11. 131, 1. 112, u.
111,11.111,11.141,.1

1111113311. 36,11. 37,.1 11,
21. 66, 11 11, 21. 78, 421. 73,
14 81,11. 84,11. 101,11. 103,
14. 103,,.11 110,11.11.13011.
133,11. 133,1. ’1311 14111.
161, 1. 164,11. 134,1. eodem
7,11, 63, 24 <66,11.>61,1.
63,11. 61,11. 83,11. 31, 11
116,11. 130,11. 136,11.131,1.
16111. eiusdem 16,11. 30, 1.
38,11. 34,11. 36,1, 71,11. 37,
11. 104,11. 106,11. 103,1
118,11. 146,11. 146,1. eunden
6,11. 37, 1. 60,11. 11 611.
67,11. 66,11. 67,1. 13,1
73,11. 86,1. 10111. 110,1.
113,1. 140,1.21. 143,1, 1611.
eandem 38, 11. 31,11. 311.
63, 11. 60,1. 83,1. 38,11. 13311.

 

