INDEX 18880111111.

acceptissimus 121,1,

accidere 79,11. -disse 48, 19.
eiii& 51,1. -eipere 2311.
-ciperet 94,1. 81, 11. 156, 4.
-ciperent 129, s. -ccperit

114, 2. -ceperint 2119. 111,
15. -cepisse 22, 24. -ceperant
29,11. -cipitur 59,19. -11-
pietur 43,15. 15111. -cipi
80,11. 130, 21. -ciperetur 38,
14. -cipiendum 51, 4. -ccpts
134,15. 157,9. -ceptis 144,12.
149,1. 11111.
accommodasse consensum 88,2.
11111111115,11.

accusatio 38,11. 40, 19. 106, 4.
-nis 4,11. 152, 4. -11 131,19.
-nem 11111111999,11. -uibus
4,11

accusator 45,1. 53,]1. 68,1.
121, 11. 126, s. -is 1111. 38,
11. 111,ι. 111, 15. 138,1. -1
,15,11. 38,11. -em 35,1. 73,
19. 107,1. -e 45, 9. 21. 11111.
136,19.11.11. 152,1. -es 38,
11. 43, 21. 62, 24. 71, 5. -um
41, 11. -ibus 40, 5. 48, 25.
51, 10.

1191111991. -1111 15,11. -ere
82, 22. 120,11. 136,11. -1119
20,11. 34,19. 73,11. 111, 4.
11111. -111111145,11. -11-
tibus 27,1ο. 120,11. -absnt
331111. -1111127,9. -111-
111144,11.90,6. -111122,1.
1111111211. -etur 17,14.
-nri 122,1. 125,11. 137, 5. 11.
-endo 7111. -11911111 125,
11. -stus 63,11.
1111191221. acerrimo spiritu
21,rs.

acerbitas 158,1. ·tem l, 1.
omittere 90, 9. temperare
115, 24. ·te 56,11. 86,11.
136,14. 149,11. 1531.

161

acerbe 81,11. -ee 18, 11. -ius
12,1, 141,19. -issime 20,1.
117,1ο.

1111111 defendere 89,2s. -tee2
vitee ente 131, 25. -torum
1111916115. -tis 89,14. 131,15.

11111 116,14. ·nis 100,19.
-nem optinere 82,11. -19
27,9. -nes 8820. adiuvere
98,15. impediuntur 103,11.
adiuvere 1111. -nibus 57,19.
96,11. 117, 22. 148, 24. 156,11.

1111110111. -is 100,so. ·em
101, 14. 163, 12.

1111114119. rernm 111111 red-
ibat 103,11. instaurato rcss
rum 11111 103,1ο.

aculeus 23,11. 92,11. -1112,
24. 73,11.142,11.

scuta responsio 7,11. -to
105, 9. 120, 15. 118, 2. -issima
visione 49,11 -111111111(1υλ-
λογιεμὸνῬ) 7,1. -111111111 19
sponsionem 144, 28. -issimc
50,11.

ed 1‚21. 2,1. 3,15.11. 4,1.4.19.
11111. 7,1. 8,11. 9, 21. 10,
1s. 11, 5. 11. 13,1,11. 15,1. 1.
25. 9ο. 17, s. s. 18,11. 11. 11. 19,
1. 1ο 11. 20,19. 21, 5. 11. 11. 23,
11. 24, s. 11. 21. 24. 25. 21. 28. 25,
12. 26,11. 19. 27, ss. 28,11. 11.
30,11. 31,11. 91. 32, 20. 21. 33,
25. 34, s. 21. 35, 11. 37, s. 22.
38,11. 11. 39,11. 40, 11. 11. 41,
4. 21 42, 19. 18. 44,1.11.15. 11.
45,1, 11. 46,1.11.11.11. 47,5.1.
48,15. 49,1,11. 50, 21. 21. 51,
1. s. 15. 53, 11. 15. 54,1. 19. 57,
mmmmmmmmn
1ο. 62,11. 21. 64,1. 5. 65, 11.
66, 1. s. 11 67,11. 69,1. 70,11.
71,1.11. 73, 21. 74, 1. 81415.
11. 1111. 11. 75, 5. 77,11. 11.
78,11. 11 80,11. 21. 82,16b11.
83, 4. 11. 84, 1. 1. 11. 11 85, 11.

 

