INDEX VERBORUM.

146, 3. 150, 3 156,1. eodem
93, 13. 97, 3. 40, 13. 43, 11. 49,
19. 59, 13. 51, 13. 58, 3. 71, 3.
85,13. 87, 13. 96, 3. 105, 11.
1131. 111, 11. 131, 13. 131.
1513 eorundem 463197,
13. iisdem 97, 13. 56, 3 99, 11.
1131. 114, a. isdem 69, 11.
99,11. 134, 3 3311131111,11.
1931. easdem 141, 133, 3

153, 11.
identidem 136, 11.

11133 16, 33, 53, 3. 199,1. 134,

13. 136, 11. 137,1. 141, 1. 3,
161131 115,1, 149, 13.
11131133 65,1.

74, 11. -31 13, 13. 98,1.

ᾤω93333333
33333ω3ᾙ3.
333333333
3333333333
313333433
63,9. 36,13. 94,1.1. 96,3
ΜῃΜ3Μ3ωῌ
133ΠᾙΛ33333
133333333
3Μ33Μ3Μ3
3333333
3ΜΜΑ33Μ3

169, 3. 164, 11.
ignaros 141 ,93.
1811111193 139,11

18111. 1313111319191111331196, 3.

1811351111 99,1
1813311193131118111 43, 33.
181111111ὶηί333 59,1

1833193119111 11113191111149,15.

ignoramus 34, 11 191,13. 135,

.13. 146, 11. 160,13.-11311111
141,11.·9193149,.3-911

111, 13.
11133 903.

ille 13,11. 14, 13. 17,11. 90, 13.
91,1. 473 49, 1. 51,13. 66,

-11111 1331191111-
11913111 41,3. personam faeere

203

mffmestafflff
134,11. 136,11. 145,13. 159,
33333331393
6333933333
33.31383333
ωωω333333
136313133.Π33.
333433333
333333331
333331333
13333373133
33333ᾙ1Μ3.
3133133131
Μ3Μ3ΜΜΨΜ9
333333333
339ω33333
3333333Μ3
33ω3ω33ω
33ᾙ.Μ93613
31339333313
3133333333
3333333133
3131331333133
1333ῌΛ33Μῌ1
ΝἫ31333333
4Μ35333313,3.
3,3Μ,3Μ3Μψη
31333Ή3.ὼω3,
3Μ3331ΗΜΜ,.
33133133.Μο
3333Λ9Μ9333
36,13. 40,11 47,3. 66,13
33333Μ3<Μ3>
3ᾙ3333ᾙ1Μ3
13333313393
116, 93. 137, 3. 1113111111 19, 11.
99,11. 39,3. 67,13 196,13
-911111174,1. illis 11, 11. 133
2M1Qn3ffl1Qffi
33333ψ1ω3
Μ3ΩᾘΜ3Η33
161,11 169,11. 163,11. issos
333339ῌ333
33333333
illas 109, 15.

11 76, 3. 75,1. 76, 3 97, 13. 1113 adv. 136, 13.

 

