INDEX VERBORUM.

decipere 1211. 21, 11. 1321.
criminis 10. -1111 3211.

verno 2211.

1110 211. 8,1.10. 12,11. 2211.
2211. 221. 3214. 421. 44,1.
421. 6211. 1210. 1211. 121.
1211. 6211. 6211. 71, 10.
824. 821. 921. 1021410.
1021110. 10214. 112111.
1121. 11210. 11210. 1121.
111, 11. 111, 14. 11211. 1121.
128, 1.11. 11. 112111. 1321.
142, 11. 14211. 16211. 1621.

vernetum 1111 11211.

11111 vice 1211.

1111111111 16211.

versuram facere 221 11421.

111111 10211. 11111101164,11.
1621. -aum 10210. -sibus
101, 1.1. 14211.

verum: non 11111111-1111111 2,
11. 111. 1211. 11, a. 11. 121.
1011111111-11111134,10. 82
113211. 1011111111-111111
3211. 4211. 521. non modo
-1111111 1211. 6211. 7211.
8211. 101 iactum-eiiam 91,
11. 9211. 101 tantum-etiam
921. 10210. 1011111111-
1111111 1021. 10211. 11211.
1121. 11211. 1011111111-
111111 118,11 ct 12210. 1221.
1121. 11. 14211. 101 tantum
-11111111521111121, non
solum—etiam 1621.

vera: re 821111 1021. (re)
10210. 11 14211. 111921.
-11 4211. -1 2211. 4210.
68, a 11210. 14210. -111
16211. -ioribua exemplis
621. -11111101 211. -11111111
1421.

11111 ’42 11.

111111 14211.

vestibulo 11211. 1621.

vestigia 721.

Scholia Bobienaia 11111111111111111.

257

11111111111111 1211. -1 1221.

vestitus habitus 9211.

veteris 1211. 1211. 121. -rem
211. 1221. 14214. 11211.
-11 621. -111 41, 1. 7211.
821. 921. 12211. 12211.
-ribuc 10, 0. 72111.

vetustatis rigor 21. dignitas
1211. peritiores 14211. eru-
1111111421. -11111 exempla
prolata de 21.

1111111 7211. -1 loqui 6211.
vexata 10211. -111 fuerant
1121.

via Appia 6211. 821. -11
Appiae 7211. -am Appiam
102, (10.) 11.

vicem testimonii conferre in
132, 4. cedere in testimonii
211. -11111111211,

vicinia 87, 4. 101, 11,
vicinitate 621.

111101121. 124. 6211. 1621.
-111111 9210.

victoriae 1111111111 8211. 111-
61011111. 111112211. apes
14211. 1111121. 2210. 27,
1111. 621.

victua necessarie 1121.

videlicet 211. 1210. 1211. 27,
11. 121. 121. 421. 1214.
1211. 1211. 621. 1021. 104,
14. 11214. 12214, 12211. 126,
11. 11211. 11211.

videmus 211. -debat 1210.
icligbimua 721. -111111211,
, .

1111111211. 4,14. 1211. 2214.
221. 24,1. 224. 2211. 321.
3211. 421. 4210. 1211. 12
14. 1210. 7211, 7210. 7211.
8211. 8211. 821. 9211921.
121. 9211. 10211. 10211.
13211. 11211. 1321. 1121.
11. 1421. 14211. 1421. 112,

11

 

