‘INDEX 99199019914.

si 1, 14 11. 11. 11. 7,11.11. 10, 14.
11, 1991. 19, 9. 16,11. 19,11.
2911. 22, 9. 24,11. 32,11. 36,
11. 38,11. 14. 40,1. 43, 1. 14.
49, 11. 11. 48, 11. 49, 19. 1314.
ωηηηωηηωω
11. 79,11. 80, 1. 811111. 83,
11. 87,11. 89,11. 9111. 11. 100,
14. 106,11. 115,1. 119,11;
130,11. 131, 1. 1. 13411. 133,
14. 19. 142, 9. 143,11. 144,11.
146,11. 148,1. 162,1.1. 169,1.

111 2,11.19. 8, 11. 14, 19. 10, 4.
30,11. 4111. 1111. 7411.
7111. 81, 4. 82,11. 88, 9. 90,
9. 9. 101,11. ’101,11. 119, 9.
118,11. 124,19. 127,1. 130,
1111. 194,11. 136,11. 140,11.
149,19. 144,11. 148,11. 152,1.
156,1.

sicubi 83, 99.

sicut 152, 9.

significatio 101,11. -uibus
100,11.

significat 15,11. 16,1. 22,11.
23,11. 24,11. 40,11. 41,1. 47,
19. 85,1. 95,11. 100,11. 104, 9.
106,11. 117,11. 129,11. 13111.
199,11. 139, 11. 149,1. 157, 9.
158,1. 161,11.11. 162,1. 165,
1. 1. -115,11. -arc 4, 14. 19,
11. 28,11. 31111. 49,11. 52,11.
90,11. 130,11. 131,1. 139,
11. -ans 150, 9. -aret 23,11.
19,11. 192, 4. -aturus 6219.
-atur l9,9. 98,1. -11166,11.
131,1.148,11. -arentnr 100,11.

signare instrumenta 46,1.
-averat testamentum 80, 11.

signe 4, 1. 46, 9. edero civis

’163,1. -orum 1,1o. -is 4,11.

silentii merces 164,11. -o
praeterire 111, 1.
similis 36,11. -92 monstri
18,1. -119,11. -1188,1.
-1511 33,11. -iter 41,1. 43,1.

249

3319. 154,11.155,1. -limam
, 9.

similitudinem 83,19. describere
ad belnae 157,11. -ne 931.

:fflezffl 1011. 26,19. 36,11.
58,11. 7111. 116, 1. 135,1.
149, 4. 161, 19. 116,1.

simulacrum 3,1. 4,11. -15,11.
simulatione 56,1.
simulet 129‚14. -avcrat 109, 91.
simultates 199,11.
sine 1,1. 6,1. dubio 1111111
111311. 20,11. dubio 21,11.
25,11. dnbio 30,1 11511. 61,
11. 72, 9. 73,11. dubio 1111
75,14 11 76,1 1177,11 et 81, 11
118311. 95,1. dubio 97,1 11
100, 1. 101,1. dnbio 1111105,
11.107,11. dubio 108,1. 116,
19. 111, 9. 134,1. (1111111361
41 199, 19 et 140, 9. 19. 141, 99.
dubio 190,14. 194, 9.

singulari 1111111188,111192,11.
-iter 70, 16.

singuli 34,1. -orum 20, 1. 48,1.
-11 35,1. 70,11. -os 9311.
97,11. -1144,11.

sinebant 1199.

1111111311.

1111 15,11. 66,1.11. 109,11. 117,
19. 13811. sive -siva 2211.
11. 39,17.11. 11. 58,11. 70,1.1.
119, 9. 9. 153, 1.

sobriae virtutis ingenium 26, 1.

socer 101,19. 106,11.

socialis belli 13,11. -151111
111, 1 et 192,19.

societas votorum 104, 9. publi-
canorum 129, 99. 1331. -11111
inre 92, 4. honos 94,11. -ta-
tem suam sermoni adfingere
134,1ο. -11111 in 48,11.
alienaria 911. publicanorum
133,99. ’-

 

