INDEX VERBORUM.

1 2, 2. 7,1. 8,4. 9,11. 10,11.
11, 11. 16, 11. 19, 11, 20,1, 24.
26,1. 27,1. 29, 14. 21. 32,1, 11.
39,11. 42,1. 46,1. 46,11. 67,11.
60, 14 (1111111117). 62,1.11. 64,
11. 66,1. 68,1. 74,11. 78,1.11,

81,11 82,11. 87,1. 90,11. 91,

14. 94,11. 11, 96,1. 9911. 100,1.
103,14. 106,11, 107,11. 112,1.
111, 113,1. [4,] 118,11. 120,1,
122, 2. 123,1, 124,11. 128, 21.

11, 130, 21. 131,1.11,<136,1.>
137,1.1, 13811. 13911. 141,

wnmstffimmlffl1
mffllwnmlffim
ma

ὼ111111111ῳ1
η1Μ11111ω1
11111 ΜΛ121111
ηυ1ἣ11ῃ11.
21Μ1111311Μ1
anmwmmnss,
142141111141
stwanQOQ
mewnfflsswAE
Μ1ωηῆηῆηω1
7ῌ1ω1η18ῌ1
Μ11ῌ1ω11Μ1
stQQOme

11. 103,11. 106,11. 106,11. 109,

111. 11. 110, 4. 116,11. 116,14.
11. 1181111. 119,11. 120,11.
2⁰. 121, 2. 122,10.12. 12311.

(124,11.>126,1. 126,15. 127,

11. 12811. 133,11. 134,11.

136, 4, 24. 13111. 11. 138, 21
140,11. 141, 111. 11. 144, 11.
147,1. 161,11. 21. 21. 152,21.
166,1. 162, 21. 16311, 164,1.
abductum 76,1.

abhorret 1 fide 29,14, -11111
ma

abicit 12,11. -1111 141,11.
1111115211. -1111 accipere
pro 61,4. -111 hominis 1211. ,
abrogata 111 29, 6.
mequQMQ
1. 112‚4. -1111161,14.
absentiae 16211.

absolverunt 21‚11. -111111167,
1ο. ·vi 63,10. -vendi sint .
64,11. -1111 111 26,14. 64,1.
1111112111, -11113,11.
28111, -11127,11. -1111
1111112211. 27,11.
absolutione 27, 21.

absolute purgare 17,11.
abstinerent 10,1, -uerit 79,11.
abesse 1,1.

absurdum 111111 60, 11.
abundantissime 11111111 19, 21.
11 4,11. 10, 12. 29, 24. 3011.
41,1. 63,1. 61,11. 71,11, 80,

11. 83, 22. (11.) 96,1. 117,11.
126, 24. 19811. 139,11. 141,
111ῃ11111
11111. 11111.

accedit 111 22,1. 143,11.
-11111 46,1. -1111184,11.
-11111111 20,12. -111111 12212.

 

