666

-aret 106, 6. -6111 1616.
116, 2. -averit innocentiam
17,11. -11111116666146,11.
purpuratum 911.

puto 36, 21. 161,11. -16 111
-aut 109,11. -et 11,12. -aret
111,11. -111131,6. -6111
47,16.132,4. 141, 6, -116111
21,60. -116161 ratio 61111
1611.

6111611614.

quadringena 22,14. -16 29, 22.
quadringenta 102,12.
quaerenti 11,12. -rentibue 17, 4.
-616116 23, 6. -61666 (16016616
1616. -reretur de caede 26,
166161,16.611116111111611170
161116116. de 16611616 71, 6.
ad mortem 2211. severissime
in candidatos 116, 11. -rereu-
1611116116 1116. -1611111111
de coniuratione 12, 24. -eitus
6114614. -6111 suut 116, 2.
quaesitor 122, 24. -em 79, 21.
6611116 116616 121, 66. -66
123,2. -ibue 122,21.
quaestionis nihil decernere 67,
11. -161111 peiere 111 1616.
quaestor 24, 24. -i2 116, 12.
160,6. -em 2221. 26, 61. 66, 6.
*-6 11616. -66 3, 12. 23,11.
quaeetoria: fungi potestate
21,14.

quaestura fungi 122, 11. 141,20.
146,16. -66 37,16. honor 114,
21. 141 11.

qualia 22, 22. 149,11. 161, 4.
—em 88,12.

qualitate vehieulorum 4,1.
-ibue verborum 66, 12.
116111116111.
qu4m2,.11 4,10. 6,.111666161611,
20,1. 1111111, 16. alius 24, 11.
16,14. 61111621,166160,11.33,
4.2mffiuwu,ffluss,u

11111 1166611111.

47, 11. 49,16. 62, 21. 6. ratpert.
61161 66,6. 69,1.14, 60, 6. 11.
e. arperi. 74,1. 76,1. 79, 20.
611616. 61, 22. 22. ultra 63,
11,1611164,1.60,14.1167.
6614 901616 9611 96,11.
99,6. 101,2 611661110111.
10i1, 14. 61116111166111111
109,6.116,66..16119,.6.11
ante 110, 16 et 16. 122, 6. 116,
66.126,1. 1161116111 160,11.
131,1e. 13161, 134,16. contra
20. 184,241›u. 1211,4.2.12. tam
13616.137,16.139,16.141,16.
142, <1.>11. 146, 10. 14611.
14616.161,16.164,16. 166,
616.167,.411.16616 6666611.
163,.4 124, 21. 22.
quamdiu 12114.
quamvis 1, 6. 6,16. 12,12.16,1.
21, 22. 34,·11. 66, 2. 1. 76,11.
76,11. 6616. 67,11. 91,6. 94,6.
101, 2. 114, 2. 116, 12. 124, 2.
14616. 161, 6.
quando 17, 6. 27, 21. 46,11. 49,
11. 61, 24. 66, 1. 66, 6. 76,1.
130, 4. 13316, 137, 6. 136,
11. 136614. 143,11. 147, 14.
16114.
quandoquidem 21, 16. 6616.
2412.
quantitas 6116116 1, 11. -tate
damnorum 133,1.
6111111966. -um 14,14. in

96,6.6. 101,1611. 104,14. .

138,2. 139,16.,111143,ι1. tau-
tum—quantum 47,1. 163, 6.
160,11. -666,6.161,11. tauto
—quanto 1,2. -1611,14
quapropter 11166.

aui- quare 41,16. 16611.
quasi 116. 6,16. 6,16. 8, 61. 9, .

16.161116661616,.1191ι.
221616 24,6..16 2611. 33,1.
34,666,1.140,147,16. 611.
14,1.6 67’,.6 6616 7016731

 

