iffi

consilio 109, 4. 66116 16466.
-661 nobilitatem 16, 5.
eiceretur urbe 6611. -eeren-
tur 61668616. 61661616166,
22. -tus 1616661 94, 6.
6116611.
ὲκ 6, 66. 6, 61. 67, 16. 74, 16.
elabso 20, 6.
616* 6, 66.
elegans 2, 6ο. -ti 4616. pro-
prietate 9666. -161 47, 66.
49,1. 86,16, 141, 16, 160,11.
160, 22. -tissime 27, 66. 81, 66.
elegiacum carmen 164,16, -os
versus 16416.
elevare 146,16. -6166 141,16.
-asse 11616.
6166116 19,16.
elocutionem suspendere 23, 22.
elogia proscribere 166, 66.
eloquentia 114,2.14. -ae 62,
12. 66. 114,16. 161,16.
elocutus 661 166,7.
eluxit 101,16.
emancipaverat 66 voluntati
124,12.
emendatae vitae 77, 4.
eminentibus figuris 164, 66.
-116116 gloriae 112,11. -tis-
simas virtutes 132, 21.
eminebat nobilitas 16, 66. titu-
lus maiorum 76,1,
emisisset 73, 7. -6666 131,16.
emisse 6, 12. 14. -erat 2b,21.
29,11. -ptae 125,2o.
emolumentum 47, 21. -o 74, 61.
emptio 6,11.
ἐν 127,12.
enarratio 113, e.
enarrata 22, 2.
enim 1, 6. 4, 66. 7, 22. 8, 61. 9,
66. 11,66. 12,66. 14,16. 16, 24.
18, 6. 19, 66. 20, 2. 21,61. 24,
16. 2616116. 26, 4. 29,11. 60, 6.
QOQQOfflm
36, 22. 67, 6. sed 37, 61. 68,

INDEX VERBORUM.

12. 22, 6. sed 40, 2. 66. 22. 41,
16, 21. 46, 21. 441. 48, 6. 1616.
60, 6. 61, e. 66, 66. 67, 1. 68,6.
69,11. sed 621. 24. 69,16. 70,1.
76,16. 76, 66. 6611 821666. 86,
1616. 90, 1. 92, 66. 96, 61. 61.
99, 6. 6611 104, 66. 106,11. 196,
12. 107,1. 116, 66. 117, 6. 66.
6611120,16. 123, 66. 66111266.
128,11. 131,16. 134,1. 13966.
142, e. 144,1e. 147, 66. 16211.
164,16. 166, 6. 169, 64. 160,6.
163, 6.

6611111616 62, 6.

661666 611, 61 87, 64.
enumeratio 67,16. 66,1. -6616
166616 64,14. prosequi 78,16.
166616 93,14.

enumerat 79,11.

eant 19,11. 116<149,66>. 11661
39, 66.

epici 160, 6.

epistula 78, 22. -616146,11.
epulantium 122, 6.

epulum 121, 66. -o 121,21.

eques 14616. -116111 76, 6.
16166ῌ·Μ6’
16. -1166169,66. 108,11. -111-
bus 20, 66. <29,6.> 88,16. ’
equestri ordini 129,16. ordine
mm

equitatu 110,11. 1
erectius 128, 1. Ἰ
erga remp. demerita 14,11. l
121, 66. 16611161166616 prom· .
tissime enimc 161666 14661.
1661 p. merita 151,11.

rgo 8, 22. 12, e. 18, 5. 261.
«26, 66. 27,11. 28, 2. 29,16. a
61. 87,16. 69, 22. 441661. 42,
661666161
16. 67,616. 69,16. 70,16. 8366
84, 22. 88, 66. 89, 66. 96, 61.
16666666
6411661.

 

