2ss

saltandi 99, a.

salubre 62,4. -44 squas 26,4.
-14 fomenta 24,22. -1141 10,
11. 16, 4.

441114 patriae 91, 41. -11191,
so. periculum incidere 118, 41.
14311. 146,1. publicae 149,
4116114. -1414111446444,
66,11. patriae 83,1. 92,1. pa-
triae 14.

4411114114 13, s.

salutatum venire 21, 1.

salva religione 44,14. -ο ho-
nore 116,1.

sanxerunt poenam 10, 6.

4414111141114 religionum 20, 44.
-am 181, 44.

eane 64, 41.

sanguinem taurinum 110,1.
-ne materno 66,11.

44141 correctio obtrectationem
88,41. -entur 10111.
4411410646.

sapientes 87,4. 146,11. -1111111
143,14.

sapientia 141,s. -am 111, a.

sapit dubitatio querellam 86,1.

-14169,14.

...444 39,14.

44114 agere 10,1se122,1o. 36,4.
44, so. 71, e. 111, 41. facere
1441141

satisdationes 24, 14.

satisfacit 140,14. -factumest
84,1.

satisfactione humili 163, 4.

saturam: per 70,11.

saturatos 127, 4.

scaenicorum 10211. scenicis
ms

sceleratus 10,11. -o 2811.
-am 74, 41. -4411,44. -1441-
1111111177,41.

scelestiora 87, ae.

sceleris 16, 44, 17, 1. 30, e. -11111
devorsorium 73, 4.

INDEX VERBORUM.

schola 49,44

scientia rei militaris 160, 41.

44111441 8,14. 21,4. 22,11. 23, a.
34,11.11. 36, 4. 14. 66, 1. 67,1.
64,14. 73,1 76, 41. 77,11. 82,
44. 86, 44. 91,1. 9214. 93,1.
96, 1. 11. se. 9814. 99, 14. ss.
101, 41. 103, se. 106,1. 11.
107,1. 117,1. 120,41. 121,4.
122, 11. 128114. 136,1. 14.
146,1. 149,1. 163, 4. 164,11.

4414 13114. 148,11. -11111424,1.
40,11. 87, 4. 102, 4. 41. 134,1.
142, 41. -amus 83,14. -1416,41.
141,1. 1411113111. -411116,44.

sciscitantibus 141,11.

4441441144 14111414 147, so.

4441442314. -411111111,

scribens 78,aa. -bentibns161,1.
-bere 116,11. -psit 144, 24.
146,1. -111444164,14. -ben-
dum 18,14. -bcndi 18,14.
-ptam 146, 44. 148,14. 14

scribtor 160, 4. legum 164,11.
-ρ1411111166,1.

44 3,11. 4,11. 6,14. 6, a. so. 7,1..
insinuare 11. 8, 4. mss. 10,14.
12, a. 4411411411. 16, 4. 16, 41.
17, 4. offerre 11. 11. 21, 1. e.
1441. 23, 44. 41. 24,11. 14. 26,

41. 41. 26,1. habere 11. ferre 1

prae 27,14 et 29,4.14.11.11.
1411. 31,14 36,11. 44. 37, 14.
39,11. 4114114 40, 41. 46, a. 60,
se. 61, 44. 11. 63, 11. (64, aa>
67, 4. 11. 68,1. 14. 69,11. 60,14.
68,11. 69,14. 70,14. 78, 4. 33,
14. 89, 41. 92,1.11. 103, 4.
106, 4. 14. 10811. 14114 prae
114, 4. 4. 116, as. 118,14. 41.
131,14. 136, 14. 140,11. 141,

1. 14. 11. 41. 14. 41. 14214. (144, ’
11.) 146, 41. 147, 41. 14811. .
11. 149, 4. 160, 11. 161, 11. 11. 1

166,14. 16614. 169, e. 16111.
4111 90, 49. 101,4. sibi <1,1.>

 

