INDEX VERBORUM.

mutum forum 114,11.

1114111411 exemplum 12, 22.
-1411 4111411111οΜ. -1141
24,11. -1411114 11111111-
culam 146, 24.

mutua 11111410 12211. -11
1111141111 12211. -ο 12111.

111121. 21111. 0,11. 211.
13, 11. 15, 1. 21. 20, 4. 12. 21, 11.
221. 22. 22111. 2211. 2211,
28, 11. 31,1. 321. 21. 33,11.
41,4. 4211. 521. 01,14. 021.
0211. 70,11. 7211. 75,1. 77,1.
821. 84, 2. 8111. 87,4. 8211.
01, 11. 21. 0211, 1021. 105,11.
11111. 120, 2. 1111. 11111,
1111. 1141111. 1111. 1411.
14211. 144, 20. 146, 22. 148,
1012. 151,14. 153, 4.

namque 6211. 141,11. 14211.
15211.

1111141111 131, 10.

1141 114 (quaestio) 1217. -411
721.

natalem diem 104,1. -ium
humilitatem 1211.

nationis mos 41,11. -1111 11-
14141111111141113811. opti-
11141111 104,11, -11 1211.
57,1. 10211. -1111111111111-
11113217.

11411141411 religio 211.

114111 150,11. -11 1111111411
1212. religio 13211.

naturale 31,1. 77,11. nomen
101,22. -iter 121,2.

1141 maior 80, 1. maiores
ML ’

1111111111 copiis 110,11.

naufragio 86,1.
navigio 131,11.

navigasse 147,1.
navis 1, 21. oneraria 22. -11
27, 4. longas 10210. -ium
1021. 11.

219-

11211. 3,11. 4,11. 7,<1.>
11. 21. 10,11. 111. (1111.)
18,1. 12112111. 221. (24,
11.) 25, 1. 12. 27, 2. 28,1.1. 11.
QQOmQLQQ
ffl2st1ffimfflmffl
22. 0211. 721. 7111. 7211,
80, 1. 14. 82, 1. 11. 83, 20. 84, 1.
00, 2. 0211. 0211. 10211.
103,1, 1011111. 10011. 100,
1ο. 1121. 114, 4. 110,1. 118,
11. 11211. 121,11.11.11. 1221.
128,11. 130,1. 131, 11. 11.
1321. 1321. 11. 141,11. 145,
0. 21. 142, 2. 154, 11. 155, 11.
1021. 1521111. 10211.

111 7,1.11. 8,1. 211. 10, 20. 24.
11, 10. 1211. 17,11. 28,11.11.
33, 22. 34, 21. 35,11. 42, 21. 43,
14121ἢ1η1
11. 58,11. 01,11. 04, 20. 7211.
74,11. 7211. 8211. 8211. 00,1.
01,11. 03,1. 111,1. 11211.
11211. 11211. 121,11. 124,
11. 12111. 12111. 121,10.
130,11. 132, 22. 1321. 137,1.
143,1.11. 14211. 147,11. 148,
1. 12. 153, 24. 15411. 15111.
10214. nec—nec 43,1. 1.
0011. 11. 104 111111. neque
44,1. 12211. 15111. neque-
neque 521. 1. 127, 20. <1ο.>
140,1. 155, 1. 150,1. 1.

necessaria. 18,11. 25,11. 7111.
821. 110, 2. 136,11. -um 44,
11. 1111. 22, 0. 155, 1. -111
117,11. -0 0,11. 211. 0411.
77,11. 8211. 8211. 100,1.
12211. 130,1.

necessitas mentiendi 3211.
-414141111111 1211. 111141-
1141 4111. 01115011. officii
01,1. 11214.

necessitudinem 5211. -11 (11-
11141 01,11.

11114111 120, 4. -11 4211.

 

