308¹ INDEX GRAMMATICUS ΕΤ ORTHOGRAPHIOUS.

18,11. 23, 21. 24, 9. 30, 29.

36,19. 38, 9. 41, 9. 15. 42, 7.
nssmstnffimfflm
72, 21. 76,15. 78, 29. 89, 19.
90, 4. 96, 21. 101,1. 107, 2.
115, 21. 117, 29. 127, 24. 128,
9. 13219. 135,15. 142, 4.
145, 19. 146, 9. 95. 152, 29.

155, 2. 164, 19.

991 1'11 lemmatibus 1959911991

33, 22.

8995199 82, 9. 82,17. 83,9 99.
84, 9. 94. 99. 85,19. 87, 91. 99.
89, 9. 92, 91. 104, 19. 154,11.

112,19. 125, 9. 125,9..9
Sextius 78, 11. 82, 19. 99.
8995911199 53, 9.

Sextilis 104, 9.

1 pro d positum: aliquanto 114,
24. 4911959519 49, 99. 65, 19.1
77,9.,811.’9999. ’.ζ9910099
9111111389. 91137, 29. ut(p10 ¹
911)137,94.91111119163,9.991
(pro haud) 142, 4. 1119123911. 1
62, 95. 66,19. 69, 94. 70,4. 74,91.
80, 9. 81, 99. 155, 99. quit 11,12.

temptare 30, 91. 30,11. 137, 5.
19915919 40, 9. 45,1. ³

u 1110 b posit 1111: 1999911 59,
29199911911510815.
1199111999 98,15. 9995919119 132,
17. reliquis locis [5919599119-
mens 951151199111111 11109.

xpro 9 9591199111191519915 13,19.

 

