200 INDEX 7999019979.

111,1.141,.1151,11.-1111111
1111. 1514. -511111111111
praedm remp. 15111. -bi-
11111111411111111114111.
-bust 9,11. 16,1. 571 ob·
vium 61, 11. 8114. supremum
11111 diem 10114. 11111.
12111 192, 21. -buerunb 97,
29. -1111111111.12,11. cogni-
mmmffiwfflommmm
19. 111. 1111. 811. 11111,
odio Clodium 191,19. -buorinb
111111114111. 44,11. -buisse
5,11. 21,1. in 1111112111.
111111111’1,
1,11. 12111. 114, 24. 121,1 .
111111111111
149,1.147,24.194,11.197,19
-1111111111-1111111111
1,111111511511111251
-1151 6111111111-1111111
51,1.1)1511111115111.-5111
1111 censura 11111111 11, 11.

1114. 11115114. -berenbur

511. 11111. 1211. -bendum
pro 111111 11111. -bibus
111 pro 127,19. 1111111411
5111. 85,1. 15111. -bi9'99
111111 11111. -biba iudicia
1011. -bibis 1111. 15111

habilis 191,1. -1'01 74,14.
1115111111 1511.

habitus 911. liniamenta 94,
29. -um 5111. recuperare
. 51,1. 111111119111. sumere
121, 11. -1 16, 4. 11. 1111.
mmmffimffiQm
1111111111 2111. ’

1131111 invidia in exemplis
,11.

harmonia 91,1.

haurientes 1,11. -11111 1111.
-111 112, 1.

helluonem 54,19.
hemistichio 1, 7.

hereditas 51, 9. -11111 5111.
11 11.-111111 80,1. -1111
1111. 5111. 11-1115111.
1111111314.

hio 1,11. 1,11. 111. 1111. 14,
14. 14, 1. 11, 4. 2111. 111.
15, 94. 1111. 44,11. 5111, 51,
22. 99, 24. 114. 111. 1111.
8111. 92,11. 105,·4. 10111.
1111. 11141. 114,1ο.111,1.
111,1 13111. 11111. 14111
155111511. 1511.
11112111. 11,1. 114.,.151
14. 41, 11. 511. 63,19. 111.
14, 1,1. 16, 11. 85, 11. 9111.
99, 21. 94, 29. 911 11111.
10111. 115, 14. 11111. 1111,
111, 2. 111 11. 161, 1. 11. 11.

. 16111. 16111. 5111111111,

1111111111
m9mmpm9mdm
24.Q1½wbpmmae,
ffiwuwffimmm,m
aewnw4ffl9ffimm
ffl9wn.bmpmfflu
9.7M9an74999
11,1. 84,11. 86,14. 81,1. 99,
119Μ1.1111
mmstwlmumwh.
111111. 1061 1141 1111. 9.
ssffl4.m,m.lwwn
mmemmffifflffi
11111111ΜΜ
1111.η111111
Μ1111111Μ1
11111111111
1111.11111
14,1. 15,5.11.11. 16,4.1111
1ᾙ11ῌη111ω1
111111111
11111111ω
111111111
ΜΛῌ1111111
111111111
1111Μ1Μ111ω1
116111111ω1

 

