210

investigate 5418.
invictam virtutem 1211.

invidis 11,4. tyrannidis 12,17.
15,14. 20,1. 33,1. 36,1. 4211.
13,11. 61,1. 111111113311.
90,1. 118,11. 134,11. -1111,
11. 22,1. 1111117311. eumu-
lns 11111. 157,1. -am 5, 11.

10,11. 14,11. duritiae 19,11.

severitatis 19,11. 39, 7. erude-
fflmwmfflmwnm

11. 81,11. 93, 4. 94,1. 97,14.

101, 11. 123,11. 13811. 142,1.

158, 84. 11111.

INDEX VERBORUM.

122,11. 12311. 124,1.130,11.
13111. 141, 11. 14211. 141,
11. 147,11. 149,11. 11011.
152, 1. 156, 4. 168,11. -12,
11. 21, 5. 21, 1. 31,1. 3111.
311. 49,11. 71, 8. 36,1. 119,1.
94,1ο. 13111. 137,1. -un
8,11. 15, 11. 22,11. 24,1. 29,
11. 3411. 45, 8. 1111. 17,1.
78,11. 86,1. 139,11. 9011. 91,
15. 98,1.11. 100,11. 107, 1.
112,14. 113,1. 120,11. 13111.
130, 8. 140, 1. 149,11. 111, 1.
153,15. 164,1. 151111. 1518.

invidiosus 18,11. 1111111111
33,11. 1111111121. 1111-
pus 13311. -111111111111-
rationis 76, 13. -ο erimine
126,11. -11 verbis 30,1. 111-
tionibus 66,11. -111 13111.
-issimo exemplo 3,1.

invidi 128, 1. —0 121, 11. -11
11, 1.

1111111111 33,14.

inrisoribus 12,17.

invitum 144,11. -11 4111.

inundatione meris 36,1.

invocatione 10214.

inusitate 47,11.

inutiliter 155, 30.

ipsius 14,11. 16,11. 20,11, 21,
11. 24,11. 2111. 31113111.
44,11. 66, 5. 72,1. 73,1. 89,
11. 92,11. 10011. 104,1. 114,
14. 12211. 14211. 1411.
160,1. -127,11. 47,1.10,11.
611. 77, 11. 116, 15. 126,11.
128,11. 150, 4. 155, 5. 11111.
15111. -am 69,15. 71,1.
139,11. 119,11. -13,11.19,11.
3111. 45,1. 34,11. 67,1. 80,
11. 90,11. 91,1. 105,1.11.
114,11. 115,11. 116,11. 1211.
12211. 124,11.146,11.148,11. 1
-11 134,1. -orum 2211. ,
72, 5. -is 21, 14. 56,18. 33,1. =

invulgata 99, 4.

111111 147,11.

ioculariter 134, 5. 147, 21.
iocos: inter Ciceronis 105,11.
147,11.

irascentis 1111.

iratus 141,1.1. —um 83,14.
-11102,11.

ipse 3,1. 8,1.11. 9, 5. 11,1.
12, 11. 13,1.11. 15,15. 19,11.
21,’4. 22,11. 24,1. 30,11. 34,
11. 33, 8. 44,11. 1111. 54,14.
611111. 69,11.11. 78,11. 31,1.

QmeQQsz

96, 11. 11, 99, r. 101,11. 102,
14. 104,11. 10111. 112,1. 5.

120, 5. 123,1. 129,1. 133, 5. i
-0s 3011. 77, 14. 81,1. 3111. ’
119, 5. 128,11. -11 3111.
137,1.

11 1111. 119,1. 124,11. 132, 5.
144,11.152,1. 113, 4. 15111.
16211. 112,1.8,11.14,1.
11. 211111. 27,.1. 28,1. 39,
11. 40,11. 42, 11. 11. 49,1.
56,11. 17,1. 7011. 73171.
15. 79,11. 83,11. 34, 1. 30,1.
38,11. 99,11. 102,11. 10311.
107,11. 11. 111,11. 11111,
12111. 127, s. 13111. 1431.
144,11. 14111. 148, 4. 10111.
id 1,1. 3,1. 4,11. 17,14.18,1.

 

