,INDEX VERBORUM.

effizfflffinffiffimssw2
m1QM4mmwm.
w4m2mmwmn
w,mm 511015.
81,10. 82,14. 88,1. 84, 24. 81,
meffimmen
92, 10. 11. 94, 1. 4. 95, 1. 5. 0.
ΜμΗῌοωᾘΗω,1
ηΑηωηωΜοοΜ,
mmfflwmamQ
n421w21ffi21ss2st
lwmAQmummM.
15.15. 124,05. 125,10.11.10
lwnmmmfflfflw
1wffllQ1mm1Qm
lQuau mmmm
fflffi4wzmwlwmn
mmmAfflmMAmm
mmmnmffimff
12m4ffim2mffln
155,1 155,11.1 151,10 158,
ηΑηἈηΜ15Μ5
huius 4, 4. 10. 4, 15. 01. 9, 0. 15,

10. 11,5. 20115. 2510. 32, 0.
88, 2. 40,1.11. 48,0. 49,.1. 50,
21. 54, 5. 10. 24. 55,1. 11. 52,1.

001515115101

10. 15510. 142,1. 158,10.
159,15. 1010215. 8,1. 1,10.

10,11. 51,11. 55, 0. 55,10. 10,

nfflwmfflnssfflffi
ffl0,m 510410140 m,
n.wwmwnm,u464
ωμηΜΜ5ωωω,η.Μ,
mfflfflufflm.wss.wh.
lmfflssfflstffifflstwff&
128,10. 140,15. 145,10. 150,0.
1ωο21145181ωᾼ1
wmssm2Qan
mmmmstwmmst
mmaQanQst
ffi2m1mmwmssm.
88,2. 89,10. 98,0. 91,10. 105,
011ΑΒΜΑΜ1Π95
ιπηωωηωωηη
Μηωμωωωμ

m1

11101,,4 5,5. 21,11. 22,14.
91.25,5.291130115118
54,11. 55,.151,1. 58,1.11,11.
π,0.5,1.5,1.505
01 102,14.115,14.111,10
118,14.128,10.121,11. 152,
.10.158,1.189,5.150,10.
151,10.11111111.128,.1 1110
18, 0. 18,10. horum 5511.
55,.4 111,1.111111111119,10.
mffinffiuQ4mn
48,.0 [51,]58101914
111,11.110081,10.41,1.44,1.
51,15. 89,11. 94,. 128,10.
1Q4maeanaffim
1111111000 148,4.
hinc 24,11. 1210. 14514.
historia 2511. 92, 4. 151,11,
-10 fides 189,15. -am 80,11.
-1085,11. -111 legeremtiqui-
1110111 per 140,10.
historicus 141, 4.
homo 104,10. 141, 0. minis
11015151
151, 14. -mini 44, 28. -1111110111
49,11. 50, 11. 11,10. 119,10.
-mine 21,1. -mines 11. 24.
21, 0. 3010. 100, 11. 151, 12.
-minum 44, 01. 55,10. 104,14.
129,10. -11111111111142,11. 51,11.
honestas 48,10. -11111 25,10.
28,4. -1111 32,1. 5110 51,5.
honesti 11, 4. -10 18,14. -1

10011010010 14,11. -iu2 glo· '

11111 58,11. -10111 51, 0. 4121-
11110 20,1. -11011110 cognitus
51
honorifice nominatur 120,10.
1010111501 16411. 11001215.
honoris 98,10. 115, 14. 189, 5.
-011 128, 2. -orem 9,14. 00,0.
94,15. 9810. 11199,1401101,14.
114,11. obtinere 117,15 et
121,11. 121, 4. 15210. -010
consulari 118,10. 111101151.
minuere (10 115, 1. impetrato

 

