M

131,11. 133, 1. 134,1ο. 140,12.
146, 11. 149,12. 183,11. 164,11.
-1111111 16,11. 69,11. 76,11.
-11111 41,12. -111 6, 21. 26,11.
46, 2. 76,1. 100,11. 114, 11.
116, 2. 1111111οηὶ111 126, 9.
139,11. -cere 10,11.23,1.24,1.
30,1. 39,1. 46,1. 81, 11. 84, 2.
104, 11. 126,1. 13311. 136, 22.
iusiurandum 139,17. 142, 21.
160, 6. -cens 9, 22. 16, 27. 26,
10. 42, 24. 67, 14. 127,11. 133,
11. 142,11. 14811. -1111114,
21. -oentiz 1111111111111117,14.
-1111111160,14. -1111111 11111-
monium 82, 14. 144,16. 1111-
sam 144,11. -1111116111 0011-
sam 6611112611. -1161111
81,1. -11611 137,1. -116111
41, 4, 76, 22. 100, 21. -11111
causam 19,6 11 20,14. 26,11.
1111111οηί111 47,14. 72, 22.
121,14. testimonium 124, 24.
161,11. 168,11. -11111111111-
monium 21, 4. 22,11. 76,14.
91, 2. -1111111 81,11. 164, 4.
-111111 111 66,11. 88, 22.
·1111111111164,11. -1111111
11111 causam 73, 27. -xi 11111-
monium 7,11 11 11, 10. 164,16.
-111111111111111111111 7,1. -xit
6,1.11. 23, 21. pro testimonio
261111. 30, 2. 33, 11. 30, 11.
3811. 6211. 75,2. diem 79,2.
88, 22. 92,11. 97,1. 1111.
116, 2. 119,11. 125‚1.20. 1421.
143, 7. 147,11. 163, 4. causam
169, 16. -ximus 18,11. 2211.
38, 4. 86,10. 110,1. 12614.
167,1. «1111112111. -11111
6,11. 17,17. 21,11. 60,10. 67,
1111111111
-111111 sententiam 27, 21. 60,
11. -11111 1,1. 11,11. 29,14.
60,11. 11111111111170,11. 127,
12. 136,1. 144,11. —xerat 10,

INDEX VERBORUM.

20. 24,1. 47,11. testimonium
68,14. 86,1. eausam 12111.
128,1. causam 137,11.146,1.
sententiam 162,1111 11. 20.
-1111111 testimonium 28,16.
-111 88, 2. -111111 4,1. 111-
sam 63,11. 88, 2. 13316. 164,
111. -0itur 39, 2. 49,11. 67,
11111Μ11
11. 16614. 16111. -cuntur
22,14. -cantur 43, 2. -ci 0,
20. 48,1. 9611. 114,11. 117,
nmfflmmmfflm
-11111111 3211. 103,11. 118,
12. 162, 11. -111111111 88,11. .
100,11. -11111111 1111111111
70,11. 94,11. 102, 22. -11111-
tur 137, 7. 166,14. -cendum
1111624. -cendum 111111110-
nium 46,111 61,1. -cendi
60,17. 141,11. forensi genere
169,11. -111111111111111ο111 22,
10. 16. 42,11. 69,1. 86,11. 117,
11.130,14. 137,11. 144,11. 146,
11. 147,11. 164,11. -111611 te-
stimoniis 32, 2. -1111111111111111
169,.11. 6111111411. -012
111 sententia 9,10. 6111211.
-ctum 111 48,1. 89,16. 96,1.
111Πω111μ1
sunt 6,11. 148, 22. -111111
1111111111 61,16. -111111 sit
20,11. 136, 24. -11111111461
-111 114, 1. 141,11. -otum
Qmmff

dictum 106,11. -ο 16111.
147, 22. -is 135,20.
diducens 77, 2. -110 33, 11.
dies 41012 111 27, 4. 78,11.
161,1. 169, 4. -em 43,11.

44,1. 64,1. 11116611. dixit
79, 7. supremum 11111 functus
111 84,11. 104, 6. supremum
11111 habero 104, 22. 11111.
152, 4. -1 21,1. 76,1. 99,11.
-erum 69,1. -ebus 2811. 1291

 

