INDEX VERBORUM.

91, 1. c. ace. e. 1'. 136,1. -utus
1114011. 11111111 69,11. -1111
sumus 97,11, 11911. -utus
161, 11. -1111190,1.
*111811

lucrum privatum 18,1. 176,
91. -ο 31,1. 46,11.
luctuoso habitu 111111.
ludendi 163,1.

ludorum 98,11. 100,11. -1199,
11. -1199,11.141,11.
lugere 57,1. -entium maeror
mm

lugubri habitu 101,11. veste
1111. -111110111111111196,11.
luere poenem criminis 16,11.
1111111111. -ae apparatus
6,11. -111137,1. 64,1.

1111111111ιί1 pendulis 119, 1.
maculari 116,1.
maculoso corpore 107, 8.
1111111961, 11311111114911.
megin 1,9111. 1,1. quo 3,1
et 6,11. 8,11.11. quo 9‚1
113017. 3111. 33,1. quo 19
1111. 36,11. 36,11. 37,11.
quo 41, 9. 4611. 47, 11. 61, 91.
quo 63,11. 66,11. 66,1. 67,11.
6814. 63,1. 60, 9. 3111. 76,4.
77, 11. 11. 90, 9. 99. 81,11. 11.
quo 84,99. 86,11. quo 99. 37,1.
88111. 90,11, 9811, quo 100,
11. 101,1.106,1. 116,11. quo
131,1. 137,11. quo 13311. 99.
1411. 146,11. 14311. 148,1.
quo 161,1. 167,1.11. 158, 11.
maxime 4, 91. 18,11. 111314
11 31,1. eum 38,11. 46,1ο.
11, 99. 111661. 01,4. 68,1.11.
81,1. 63,11. 111.90,11 et
90,11, 101,1. eum 10611.
106,1. eum 131,1. 111 137,1.
133,1ε11111139,11.143,1.
146, 90. vel 161,11 et 169,11
et 99. eum 161, 11.

9ffi

1111ςί11111111147,1.
magistratus 119‚19. 140,1. 141,
19. 160,4. -1116,14. -11111106,
11. -1117,1. -11111116,1. pe-
titio 9, 99. 37,11. 3811. 166,

, 11. -ibus 37,11. senatoriis
mm

magnitudinem beneficiorum
64,11. 1111111111.
111111111111. 13, 4. 10,1. 4111.
134, 99. 141, 11. -um 37, 9.
11311. -11 91, 1. -ο 64,11.
161,11, -em 1,11. 97, 91. 106,
91. 16611. -is 46,11. 140,11.
141,11. maior 1,1. 111. 11,
19. 31, 11. 86,1. -us 119,1.
-orem 60,11. -111 11,1ο. 11,
11. 16,11. 39, 9. 61, 99. 160, 11.
-ο111108,11. -111 106, 1.
1111111111. 16,11, 73,1. 163,
10. -eribus 141,11. -11111111
pontificis 10,111 16,14. 61,
11. 143,11. -1111111 14,1.
-ximo 81, 11. 110,11. -ximem
114,11. 149,11. -ximorum
13, e. -ximos 36,11. 41,11.
-xime 1111111ςί1,

maiestatis publicae 4111. -tem
regiam 94,11. consulis 118,
11. 117311.

melediea insectatione 11, 11.
-11111111111 99, 94.
maledictorum 37,11.
malevolentiae 31, 11. 117,11.
-1111118,11.

maligno 117, 1.

1111111111 138,1, -em erimi-
1111111411. -11 fraudi-
bus 141,1.

maluit 61, 1. 11. 77,11. 104, 99.
memefflfflem
90, 18. 149,11. -uisse 131111.
149,1. 166,11.166,1. -111111
meme

111111 69, 91. -1 facinoris 1,1.
-ee 6111. -o 98, 99. -orum

 

