188

dissidere odiis 32, 6.
dissimilis 68, 6. -llimum meio·
1111112661.

dissimilitudinem prosequi 9, 6.
(11666111 23,4. 41,16, -utu 1161-
-11161116 91, 2.

distenderint 41,14.

(1161111616 122,16.

distinguere 81,1. -111 9616.
(1161161166161 164, 6.

distributis pertibus 86,16.

(11161116 661 121, s.

diu 20, 26. 68,11. 61, s. 96,14.
diverse: 6 porte 160, 21. -sum
121, 16. -618,6. -soz e 10,6
et 122,1. -sus 28,16.
divites evenire 142, 10.
divideretur 12, 6. 91, 26. -detur
11,6. -sumesso31,1s.
divinitatis 91,1.

divinitus iudicatum 68, 21.
divino 60, 14. -um 2, 1. -6
14,26.

(1111616 sententies 10,16 et 11.
-ne 32,6
divisor 140,1.
(11111166121,.1
(16189, 26 (16166,1Ι (1616246
dente operum 66,16, deret
spem 11 ,.1 6161116 60, 16.
urimini 82, 26. darent 44', 26.
161,1. daturum fuisse 164,6.
dedit 22, 6. probro 26, 66.
128,1. 142, 26. 160,.4 dederit
16, 11. 123, 21. dedisse 29, (1.
121, 26. (1611616616661166366.
(16116661113,12. (1616161161-
1661668216.96,16.(1661661
14,6. (1661161446 (1611 sunt
21,,1 (161611611611111111144,
16. (1616611411. 16421. (11-

1611146,6.131,6.
dooeet64,16. -61610,6. -1111
81,2. -uisse 163,16. u-is-

sent 28,1s. -eretur 128,16.
docilitatem 14, 4.

INDEX VERBORUM.

doctrino 116, 11. -se 169, n.
16616.

documento 112,16.

δόγμα 81,16.

dolentem 83,14.

dolor 16, 24. 136, 6. -1160,(1. Ι
-6111 1116161161,2.146,16Ὶ -6 ξ
66, 16.
149, 24.

(1ξέ16111616 constituit 109,14.
, 6.

dominationem hebere 6,11.
12,12. exercere 68, 6. -6

(116616 oum 1666. ·

161,16.

domini 61,4. 16,14. -o 2811
76,.6 um 166

(161111166811696Ι 11161126
166, 21. 161, 21 ·:o 11166611-
11616204 ex trahere 11861.
-1111126,6,81,16.-1Ο666(1116
2614. 46, 11. suae 12111
11616.

donatus sit 11616.
dotem 111,16.

- (16,...1,1826

dubitare 46,16.-61(111161,(1
-usse 116

dubio: procul (omnes 1661
60,11. 16, 16.164,1.6166
(omues loci) 6, so. 16,6. 19,
61. 21,16. 39, 6. 66, 1. 16, 61.
16, 16. 16, 6. 11,16. 81,11. 89,
21. 91, 6. 100, 6. 101,14. 106,
26.108,6. 136, 6. 161,16
140,.6 160,14.

ducentos 106,16. -66108,16.
(16611102,11.-66161116611616-
161163 (66111816 --66666
tur 48,66.-66161111 66, 11.
-oenduin 611 pro gravissimo
62,11 -uendus esse pro m·
11116 163, 24.

(1111116.Ι1111.Ρ166636190,.6
duo 1616 66,.1 1016. 9611.
104,1(.108,16.164,6.-61611

 

