220

negatione 15515151515155127,15.
neglegentis 108, 5.

neget 29,15, 137,15. 140, 21.
-515 137, 5. -515115 22,15.
-5115 141, 5. -555155 17, 5.
-55555 16, 55. -511115 8, 51.
negotiationem exercere 75, 24.
negotium praesens 8315. 113,
15. 120,5. -1 praesentis 55,15.
-5 53,15. remota in 84, 2.
praesenti 162,11. -orum sol-
lemnia 103,15. civilium 184,4.
nemo 12,1. 53,15. -1115111121,55.
nervos citharae inpellere 4,12.
nescius 80, 55.

necem 80, 1. 1551.
11511124,15.

nihil 6,1. 8, 22. 16, 55. 55. 25,
55π505η5ω
12. 49, s. 44, 51. 45, 22. 42, 24.
50, 4. 15. 51. 51, 15. 54. 53, 22.
56, 1. 67, 21. 25. 22, 25. 70, 5.
71,15. 76, 4. 79, 22. 81, 22.
87,15. 90,.5 100,14.103,14.
122, 15. 130, 22. 24 132,15.
134,5.135,55.136,.1 140,5.
145, 5. 15355. 154,15. nihilo
153, 54.

nihilominus 1,15. 69, 51.
nimirum 6, 55. 19, 5. 157, 55.
160,15.

nimis 12, 21. 78, 21. 115,5.
150,14.

nimie potentie 66,15. 11551555
135,15. fiducia 138,14. -um
25, 2. 61,15. 69,15. 114, 5.
115,1. 145, e. -55 7, 51. 19,
15. 23, 55. 149, 22. -um 19, 22.
44,15. 146, 55.

nisi 11, 55. 14,15. 23, 5. 28, 5.
29,15. 71, 5. 93,15. 99, 55.
100,14. 121, so. 123, 55. 127,
12. 136,15. 140, 5.
111555151511197, 5.

11151511 ab testimonio 4515.
31555159151155115511115551

INDEX VERBORUM.

159, 55. -51 5555111οηὶ5 8,
11. -tsnte 126,55. -55555111

515551513955. -111551111515
15212.

*nium 153, 55. ,

nobilis eloquentie 114, 5. -1
15111115 142, 21. -55 104,15.
-1555 138, 24. -iorum 138,
21. -issimus 55551 10015.
161, 21. legum scribtor 124,
17. -issimi 61, 5. -issimo
17, 5. 138, 22. 164,11. -1511-
mum 11155515 147, 5. -issimos
120 2.

1155111555 egregie 13, 15. 17,15.
115155559615. *16215 -515
138,15. -tem egregium 13,5.
26, 55. veterem 140, 24. -55
126, 51. 140, 22. 14215.

nocere 15,4. 47,5. 52, 55. -endi

proposito 62, 55. -endum ,
87,15.

noete intempeste 66,15. -tu
65,15.

nolentes 40, 25. -llet 85, 55.
-115115 40, 55. -1515 6415. 84, 5.
-155115 78,15. -luisse 9, 24.

51, 22. 139,11. 15. -155155 1

137, 5.

nomen 18, 4. inditum 36, 5.
63,15. gentile 101,21. 15551.
151555511118,11 150,4. ob-
5155151625 -11115 93,4. 101,
15. 55 sublimitas 131,1. -ini
165,1. -ine inlustri 20,15. 1
26,5. 28, 55. 54. 1551155435 ’
44,5. 93,51. sub 55510255
121,55. 153, 4. 144, 21. ¹sub
146, 5. suo 158, 5. -1115155,
55. -inibus ambiguis 87,2.
139, 5.

nominatim 4, 5. 15415.
1511111155 113, 24. -sre 104 22.
ebant 1235 5515 96 51. 97 5.
55151205 5511625195,
15 -51511119, 21. 104,4159,1.

 

