218

monumentum 731.
1116167311.

moriturus 3316.

morabatur 2311. -endi 131.
mors 5311. 61,11. -tis 6111111
3311. -1611155,14. 67,11.
31,11. 3311. obire 111,1o.
-66 38, 7. defungi 47, 11. 72, e.
80,11. 3316. 10311.

morsu stomeohi134,1o.
111611617311. -o 31,11. -11
102,1“6. -1111316,
morem 41,11. 46, 6. 74,11. -6
sollemni 12311. -6120,.1
2316. femineos 2311. 3311
36, 16. 45, e. 50, 3. prodigos
54, 1. 56,16. 8317. 131, 11.
151,14. 157,1. -um 51,1.
integritate 11611. -ibus
14, 4. 16,16. 25,1.1. 331638,
16, 44,11 11311 12311.
1116111111 111116114316. -tibue
occultis 4,11.

moventur 7316.

movere 136, 41. -eret 55,16.
-1111 ambitum 14411. -erit
316. -erent (iurgium) 151,
16. 6111110316. -eri um-
bitum 151,1o. ·eretur 128,
11. seditio 131,11. 1431. -611-
dorum effectuum 145,e.
muliebri habitu 234 6111111116.
mulieres 2313. ,

mulionem 7316. -ee 731111.
mulia 1116

multifariam 67, e.

multiformi voluptate 36, 13.
multiplex 1031.

multitudo 4,7. -nie 44, 21.
102, 6. 11. 11316. 11311. -ni
631 -1161111,.16 7316 82,
16. -11620,146,.1174,1.
multavit 6366611132. --aren
tux exilio 10,1.-11111 eet
pecunie 11311-166111 pe-
6111111 2316 .

INDEX 71114130117111.

11161162,16.4,11. 3311. 3311.
616636136
88,11134,16141,11147,.11
153,.1 -11,1.,1211.2,.11-16
13116111-61313316

17311. 76,.16 77,1. 831
8316, 105, 11. 11611 iia multo
post 11311. 114, 4. 11. 113,
’11. 12316 125,11.128,1.137,
11. 14311. 14314. 1536 153,
11. -111117,6.6111611620,11.
83,11.130,6.135,11.145,1.
162,11. -orum 1431 -arum
45117011-1110,11.24,
11. 70,.11 71,11. 10311 1131.
131,11.14,.36 151, 11. 152, 11.
15316. -oe 1311. 24,11.11.
31, 16. 81,11. 337. 11311.
142, e. plue 2,11. 1316 53,
11. 6314 73118314 13316
-ree 7,1 15, 1. 1231. -16
3311. 88,14. -ribue 27, 17.
63167016135,16.-11111111
22,6. 3311. 436. 41,11. 54,
167316. 87,16 nui. 1231.
13311 14311. 15314 -rimi
37,1153,16.83,1.104,.11
11311. -11166655,16.33,1.

-11111611111153,11. 36,1. 1331. ’

-111111114,11.21 15,1. 16311.
161, 4.
1611.

municipi 25, 27. ·61 127, ,

-111111 1231.
1111111161ρὶ11,.136- -,.61216 1311
munificos 10316.
munit 63, 26. -ierit (116111)
10316.

111616110316. 12316.
111111610316 611036.
11111111337.

mutationem vestie 56, 22.

-rimoe 58, 6. 10316. ,

mutilatum dignitatem 316. 1
mutassent locum 6,1. -116 l
notione 27,16.-166 pro ,
6611161316.

 

