INDEX VERBORUM.

434. 6314. 634. 7341. 8344,
14. 14. 9314. 98, 44. 131, 14.
1134. 19141. 19414. 14414.
quit 36, 4. 9. 11. 331114. 68,11.
91. 13314. 18314.
quicumque 3314. 4414111- 3,14.
quibus· 8314.
quidam 91,4. 10311. 11341.
13314. 13316. 139, 1. quae-
dam 3, 49. 1314. 3341. 3314.
3314. 1031. 1039. 1331914.
136,11. 14. 14314. 163, 44.
quoddam 39. 7,11. 331936,
11. 734. 7349. 8311. 14319.
cuiusdam 39, 4. 631. 731.
1034. cuidam 14314. quen-
34111139. 3349. 3314. 6344.
(441141111391. 19, 94. 44, 19.
63146319. 334. 9344. 939.
13314. 13314. 1331414314.
163, 44. quodam 1394. 14, 19.
334. 431. 8314. 934. 10349.
1331114344. quadam 1314.
334. 334. 3319. 3394. 434.
48,4. 7311. 8349.101,1.131,4.
131, 14. 1431414314. quo-
111041113319. 14311. qui-
busdam 16,19. 7316. 180, 44.
419134118319. 934. 10314.
13344, 13391. 13314, 44441-
dam 47, 44. 96, 22.
quidem 311. 1344. 14,19. 139.
et primo 31, 1. 3314. 339.
339. 44 primo 19. 3319. 334.
439. 949111196319. et primo
73114, 44 primo 71, 44. 74, 49.
7311. 8314. 83499319100,
9. 94. 101, 11. 116, 4. 13319.
11341. 44344. 19444. 44314.
163, 44. 169, 49.
quietissima 33, 41.
quin immo 31, 46 et 13319.
quonam 831.
quinquaginta 731.
quinque 37,19. 38, 44. 69, 9.
13314.

239

XXV 31, 9.
quippo 314. 3391. 37,4. 6344.
6319. 8311. 6314. 734. 77,
14. 81, 1. 8394. 87,11. 8311.
103,44. 19344. 13311. 13349.
13314. 141, 4. 163, 4. 169, 4.
1634.
quis: 149 36,11 et 8314 et
168, 4. quid: si 11‚19. 1314.
39, 41. 30, 44. 19434144. no
&mmmdmffimwffi
86, 4. ne 80, 9. 8349. 10314.
1034. 114113913311. 1334.
1914. 18314. 9414311. ne
1434. 4144413314.
quisquam 63, 90.
quaequae 314. quidquid 6394.
136, 4. 141, 9. quoquo modo
mflaffim
quivis 63,14.
quo 3314.
4441948193144734. 4. com-
par. 1319 et 17,4. 94 39, 44.
1411149114119 30, 4. magis 14 et
3341. 44 11. magis 11. 39, 4.
magis 43, 9. 1111141439. 4141-
gis 6311 et 8314 et 8311. c.
compar. 96, 9. 10314. 138,
44. 44. magis 1331. 18314.
magis 139, 41 et 161, 4.
quoad 63,11.
quod coni. 3, 4. 49. 14. 3911.
4,4. 34. 34. 31494. 131914.
1314. 1314. 14,14. 131. 14.
141194, 17,9. 1314. 339.
3394. 331. 3319. 3344, 37,
14. 3319. 339. 9111. 31, 2.
33, 4. 10. 3349. 331411. 38,
94. 40, 9. 44. 19. 41, 44. 4319.
44, 44. 14. 14. 14. 46, 4. 47,11.
631. 66, 4. 6314. 68, 10. 83,
44. 3311. 0319. 3314. 11. 76,
414. 78, 4. 73949. 80, 4. 22.
8314. 8319. *84, 41. 14. 87,1.
90, 14, 91, 41. 9319. 9314. 97,
44. 9316. 10314. 106, 41.

 

