110

aestumandum 157,15.
aestu sollicitudinis inquietari
11, 1.
aetatis 147, 9. -11 26,1. 161,
15. 162, 9.
1111111111 124, 29.
11111111641.
ager 72, 5. 97, 29. -gri 127, 29.
aggeratur veritas 46,11.
agitare contumeliis 12,11.
-srentur pendulis machinis
129, 5.
agnoscas 61, 11. 1111111111 ad-
gnosso.
agis 18411. 11. -1111111 22,
11. 30,11. gratias 160,11.
-1111111111111111116,16. -11111
147,11. -ebat in Graecis
28,1ο. egit 1, e. 73, 29. gra
tias 126,17. 141,1ο. gratias
14411. -1111 satis 10, 29.
18,4 441. 120,11. -isse
141. 89, 9. fabulam 100,19.
141,15. 1111 18211. -erant
84,1. 89, 25. -isset gratiss
68,11. egi 62, 9. 103,11.117,1.
-ebatur 186,1. -eretur 1341.
-endo 8411. -endas gratius
68,11. 11111111 111,1. 11-
tum est 78,19. aetum 146, 5.
agraria lege 119, 25. -am le
1111641. (legem) 139,14.
fugem 149, 20.
ait 2, 11. 3, 11. 41. 7,1. 21, 5.
23,1ο. 2411. 27,11. 21. 29, 25.
&mmmmfflmfflm
1111. 1911. 81,1. 98,1e. 99,
11. 105,11. 107, 9. 117, 21. 123,
25. 121,19. 136, 21. 1421.
14411. 160, 4.
albu creta 14411.
1111111111.
alienentur 96,1. -atus 78,11.
-1 fuerant 28,16.
aliena 49, 9. 89,11. -um in

INDEX VERBORUM.

aliquamdiu 591.

aliquando 107, 1.

aliquantum 95, 2. 98, 29. 121,
11. 16811. -ο 10,1. 40, 29.
76,14. 128,1. 142, 2. 14811.
aliquatenus 14411.

aliqui 11, 29. 16214. -quis
70, 11. -quid 16,11. 11. 17,
11. 18,1. 28, 4. 4811. 67,11.
9911. 1111. 11111. 13411.
139,1. 11. 140,15. 141, 25. 164,
10. 10. -quem 1111. -quo
&mmm

nliqnn 51,5. 119,9. 132,19.
14411. -quod 16,6. 36,1.
49,11. 76,11. 80, 29. -enius
48, 9. 6411. 15118. -quam
11, 11. -quo 16,1. 103,11.
aliter 21, 19. 26,11. 4411. 49,
11. 96, 22. 107, 5. 12. 127, 11.
199, 29. 142, 11.

aliubi 11411.
alius 19,1. 63, 21. 6411. 10, 9.

18211. -146,,11. 7411. 80, ,

19. 106, 5. 12811. 16441.
166,11. -ud 80, 12. 33, s. 49,
25. 66,15 (erratuml). 91,1. 1.
11. 100, 11111. 16411. -1 68,
19. 76, 1. 84, 9. 91, 5. 10411.

110,1. 128, 11. 29. -11 38, 1. ,
1341. -166,1. 180,11. 136, ¹

21. 16411. -mn 2,11. 70, 9.
12411. -1111 16211. -orum
2211. -1111111 66, 1. -19

11, 9. 49,11. 90,11. 13811. ,

16411. 166,1. -11 10,11.
11, a. 110, 11.

alle atione 133,11. vid. 11111111
1111181111

allegarent 80,11.

alterum 71, 3. 149,1. 41111941.
11111- 11111 16411. 111,

95. 161, 19. 19. 162, <2.>1.
1111111111 -alteram 126,11.

studiis 16011. -is 49, 11. 76,1. altero-altero 11,19.

 

